{
  "cells": [
    {
      "cell_type": "code",
      "source": [
        "from google.colab import drive\n",
        "drive.mount(\"/content/drive\")\n",
        "\n",
        "%cd drive/MyDrive/Colab\\ Notebooks/"
      ],
      "metadata": {
        "colab": {
          "base_uri": "https://localhost:8080/"
        },
        "id": "TKtmY8LBbFOk",
        "outputId": "4c8ce666-4faf-4db9-9873-69a82f6fb60b"
      },
      "id": "TKtmY8LBbFOk",
      "execution_count": 1,
      "outputs": [
        {
          "output_type": "stream",
          "name": "stdout",
          "text": [
            "Drive already mounted at /content/drive; to attempt to forcibly remount, call drive.mount(\"/content/drive\", force_remount=True).\n",
            "/content/drive/MyDrive/Colab Notebooks\n"
          ]
        }
      ]
    },
    {
      "cell_type": "markdown",
      "id": "cb34c7a8",
      "metadata": {
        "id": "cb34c7a8"
      },
      "source": [
        "# Convolutional 2D VAE\n",
        "### ~Just a Fit But Call it a Model Neural Network~\n",
        "### Joyful Feedback Backpropagating Convolutional MultiLayer Neural Network"
      ]
    },
    {
      "cell_type": "markdown",
      "id": "2121bf15",
      "metadata": {
        "id": "2121bf15"
      },
      "source": [
        "Import necessary packages"
      ]
    },
    {
      "cell_type": "code",
      "execution_count": 2,
      "id": "79f7cdff",
      "metadata": {
        "id": "79f7cdff"
      },
      "outputs": [],
      "source": [
        "import numpy as np\n",
        "from scipy.spatial.distance import pdist, squareform\n",
        "import tensorflow as tf\n",
        "from tensorflow import keras\n",
        "from tensorflow.keras import layers\n",
        "import matplotlib.pyplot as plt\n",
        "import pandas as pd\n",
        "import seaborn as sns\n",
        "from scipy import linalg as la\n",
        "from keras import regularizers\n",
        "from keras import backend as K\n",
        "from keras.layers import (\n",
        "    Conv2D,\n",
        "    Conv2DTranspose,\n",
        "    Input,\n",
        "    Flatten,\n",
        "    Dense,\n",
        "    Lambda,\n",
        "    Reshape,\n",
        ")"
      ]
    },
    {
      "cell_type": "markdown",
      "id": "d142e12f",
      "metadata": {
        "id": "d142e12f"
      },
      "source": [
        "## Data Input and Pre Processing"
      ]
    },
    {
      "cell_type": "markdown",
      "id": "728ed42a",
      "metadata": {
        "id": "728ed42a"
      },
      "source": [
        "Define core features of the dataset"
      ]
    },
    {
      "cell_type": "code",
      "execution_count": 3,
      "id": "04bdb140",
      "metadata": {
        "id": "04bdb140"
      },
      "outputs": [],
      "source": [
        "dim = 2\n",
        "numpart = 30\n",
        "latent_dim = 50\n",
        "box_size = 10\n"
      ]
    },
    {
      "cell_type": "markdown",
      "id": "a4ec27dc",
      "metadata": {
        "id": "a4ec27dc"
      },
      "source": [
        "Import and reshape data"
      ]
    },
    {
      "cell_type": "code",
      "execution_count": 4,
      "id": "f20664e3",
      "metadata": {
        "id": "f20664e3"
      },
      "outputs": [],
      "source": [
        "fname = \"gamma_0.1_30_10_0.75_0.2_10000_2500_2500_x.txt\"\n",
        "\n",
        "with open(fname) as f:\n",
        "    data = [\n",
        "        [float(i.strip()) for i in s.split(\" \") if i != \"\"]\n",
        "        for s in f.read().split(\"\\n\")\n",
        "        if s != \"\"\n",
        "    ]\n",
        "\n",
        "\n",
        "# labels = [row[-1] for row in data]\n",
        "\n",
        "# for row in data:\n",
        "#    del row[-1]"
      ]
    },
    {
      "cell_type": "code",
      "execution_count": 5,
      "id": "d468582e",
      "metadata": {
        "colab": {
          "base_uri": "https://localhost:8080/"
        },
        "id": "d468582e",
        "outputId": "d2e6f28b-2e0e-4d38-f546-a0857730e31b"
      },
      "outputs": [
        {
          "output_type": "stream",
          "name": "stdout",
          "text": [
            "(10000, 30, 2) \n",
            " [[0.34212174 0.40156919]\n",
            " [0.65854615 0.25712863]\n",
            " [0.47146599 0.01791582]\n",
            " [0.15400665 0.12351663]\n",
            " [0.38216689 0.13827204]\n",
            " [0.52764082 0.09680603]\n",
            " [0.07408202 0.21167418]\n",
            " [0.42598524 0.07459786]\n",
            " [0.03074048 0.07456964]\n",
            " [0.38777206 0.28384942]\n",
            " [0.19584977 0.44910763]\n",
            " [0.51711278 0.16919538]\n",
            " [0.47119807 0.56816539]\n",
            " [0.26411591 0.57049135]\n",
            " [0.2960917  0.29695607]\n",
            " [0.20746067 0.18530023]\n",
            " [0.11648439 0.06214168]\n",
            " [0.23174682 0.07239324]\n",
            " [0.46194692 0.64546326]\n",
            " [0.09907125 0.29229708]\n",
            " [0.37211777 0.56480692]\n",
            " [0.29678346 0.11920173]\n",
            " [0.59305173 0.41115551]\n",
            " [0.27411539 0.36699358]\n",
            " [0.44298048 0.18004084]\n",
            " [0.38552374 0.63787452]\n",
            " [0.32260729 0.50570757]\n",
            " [0.48335564 0.45351764]\n",
            " [0.41698151 0.38313407]\n",
            " [0.40216253 0.48451975]]\n"
          ]
        }
      ],
      "source": [
        "vcs = np.array(data).reshape((-1, numpart, dim)) / (\n",
        "    box_size * np.sqrt(dim)\n",
        ")\n",
        "print(vcs.shape, \"\\n\", vcs[1])"
      ]
    },
    {
      "cell_type": "markdown",
      "id": "0a05a3ec",
      "metadata": {
        "id": "0a05a3ec"
      },
      "source": [
        "Sort by distance from origin"
      ]
    },
    {
      "cell_type": "code",
      "execution_count": 6,
      "id": "935ce942",
      "metadata": {
        "colab": {
          "base_uri": "https://localhost:8080/"
        },
        "id": "935ce942",
        "outputId": "f288c69e-92e8-4756-e86f-92a3c565a069"
      },
      "outputs": [
        {
          "output_type": "stream",
          "name": "stdout",
          "text": [
            "(10000, 30, 2) \n",
            " [[0.03074048 0.07456964]\n",
            " [0.11648439 0.06214168]\n",
            " [0.15400665 0.12351663]\n",
            " [0.07408202 0.21167418]\n",
            " [0.23174682 0.07239324]\n",
            " [0.20746067 0.18530023]\n",
            " [0.09907125 0.29229708]\n",
            " [0.29678346 0.11920173]\n",
            " [0.38216689 0.13827204]\n",
            " [0.2960917  0.29695607]\n",
            " [0.42598524 0.07459786]\n",
            " [0.27411539 0.36699358]\n",
            " [0.47146599 0.01791582]\n",
            " [0.44298048 0.18004084]\n",
            " [0.38777206 0.28384942]\n",
            " [0.19584977 0.44910763]\n",
            " [0.34212174 0.40156919]\n",
            " [0.52764082 0.09680603]\n",
            " [0.51711278 0.16919538]\n",
            " [0.41698151 0.38313407]\n",
            " [0.32260729 0.50570757]\n",
            " [0.26411591 0.57049135]\n",
            " [0.40216253 0.48451975]\n",
            " [0.48335564 0.45351764]\n",
            " [0.37211777 0.56480692]\n",
            " [0.65854615 0.25712863]\n",
            " [0.59305173 0.41115551]\n",
            " [0.47119807 0.56816539]\n",
            " [0.38552374 0.63787452]\n",
            " [0.46194692 0.64546326]]\n"
          ]
        }
      ],
      "source": [
        "# Calculate distances from (0, 0)\n",
        "distances = np.sqrt(vcs[:, :, 0] ** 2 + vcs[:, :, 1] ** 2)\n",
        "idx = np.argsort(distances, axis=1)\n",
        "sorted_vcs = np.empty_like(vcs)\n",
        "for i in range(len(vcs)):\n",
        "    sorted_vcs[i] = vcs[i][idx[i]]\n",
        "\n",
        "print(sorted_vcs.shape, \"\\n\", sorted_vcs[1])"
      ]
    },
    {
      "cell_type": "markdown",
      "id": "ecc829a1",
      "metadata": {
        "id": "ecc829a1"
      },
      "source": [
        "### Compute distance matrices"
      ]
    },
    {
      "cell_type": "code",
      "execution_count": 7,
      "id": "6d724534",
      "metadata": {
        "colab": {
          "base_uri": "https://localhost:8080/"
        },
        "id": "6d724534",
        "outputId": "ea39a2d0-f2ad-4363-dece-7b8910e3fa75"
      },
      "outputs": [
        {
          "output_type": "stream",
          "name": "stdout",
          "text": [
            "(10000, 30, 30) \n",
            " [[0.         0.0866399  0.13262865 0.14379202 0.20101813 0.20854566\n",
            "  0.22819801 0.26976081 0.35715336 0.34621813 0.39524476 0.38045119\n",
            "  0.44435193 0.4255185  0.41384728 0.40931624 0.45153848 0.49739763\n",
            "  0.49549172 0.49436236 0.52064013 0.5480898  0.55318481 0.59030676\n",
            "  0.59738684 0.65381018 0.65535028 0.66154339 0.66572032 0.71544289]\n",
            " [0.0866399  0.         0.07193613 0.15542822 0.11571743 0.15311667\n",
            "  0.23081319 0.18911268 0.27637479 0.29562914 0.3097514  0.34319414\n",
            "  0.35772596 0.34713097 0.35035885 0.3950209  0.4075822  0.41261511\n",
            "  0.41468494 0.43969835 0.48911895 0.52935286 0.50991689 0.53644167\n",
            "  0.5639333  0.57606499 0.59070051 0.61796585 0.63549232 0.67794427]\n",
            " [0.13262865 0.07193613 0.         0.11899454 0.09304373 0.08169789\n",
            "  0.17749574 0.142842   0.22863686 0.22420838 0.2763429  0.27149057\n",
            "  0.33456234 0.29445009 0.28346581 0.3282687  0.33570897 0.3745877\n",
            "  0.36596803 0.36953618 0.41772728 0.46033731 0.43806916 0.46623108\n",
            "  0.4922495  0.52193129 0.5248778  0.54618944 0.56406045 0.60601608]\n",
            " [0.14379202 0.15542822 0.11899454 0.         0.21037436 0.13596121\n",
            "  0.08440683 0.24113707 0.31670832 0.23782619 0.3776583  0.25325375\n",
            "  0.44210442 0.37025226 0.32188616 0.26683708 0.32848958 0.46787848\n",
            "  0.44506258 0.38337782 0.38499408 0.4060328  0.42671011 0.47538737\n",
            "  0.46209094 0.58622899 0.55598773 0.53365451 0.52786615 0.5819039 ]\n",
            " [0.20101813 0.11571743 0.09304373 0.21037436 0.         0.11548942\n",
            "  0.25682778 0.08012989 0.16421393 0.2335995  0.19425093 0.29763141\n",
            "  0.24583138 0.23708155 0.26278811 0.37842084 0.34718789 0.29689938\n",
            "  0.30133765 0.36176201 0.44273799 0.49914876 0.4459706  0.45668677\n",
            "  0.5120305  0.46506433 0.49527882 0.55056964 0.58601742 0.61757699]\n",
            " [0.20854566 0.15311667 0.08169789 0.13596121 0.11548942 0.\n",
            "  0.15230428 0.11111963 0.18092516 0.14255695 0.2449653  0.19353378\n",
            "  0.31259614 0.23557852 0.20548513 0.26406279 0.2547663  0.33218451\n",
            "  0.31007062 0.28816177 0.34046968 0.38933535 0.35698898 0.38478385\n",
            "  0.41368742 0.45676846 0.44686807 0.46491197 0.48634344 0.52584529]\n",
            " [0.22819801 0.23081319 0.17749574 0.08440683 0.25682778 0.15230428\n",
            "  0.         0.26277771 0.32228381 0.19707553 0.39276674 0.19031558\n",
            "  0.46256126 0.36176653 0.28882438 0.18427053 0.2664844  0.47105056\n",
            "  0.4357898  0.33063317 0.3090508  0.32346837 0.3589065  0.4167332\n",
            "  0.38576679 0.56057916 0.50807878 0.46322963 0.4488639  0.5063646 ]\n",
            " [0.26976081 0.18911268 0.142842   0.24113707 0.08012989 0.11111963\n",
            "  0.26277771 0.         0.08748718 0.17775569 0.13668432 0.24882653\n",
            "  0.20192281 0.15835076 0.18811642 0.34500075 0.28598417 0.23194112\n",
            "  0.22593001 0.29001354 0.38736757 0.45247043 0.3802131  0.38285285\n",
            "  0.45192836 0.38716414 0.41594699 0.48165218 0.52620937 0.55157064]\n",
            " [0.35715336 0.27637479 0.22863686 0.31670832 0.16421393 0.18092516\n",
            "  0.32228381 0.08748718 0.         0.18052578 0.07729456 0.25295982\n",
            "  0.14986644 0.07377618 0.14568524 0.36239872 0.266325   0.15126828\n",
            "  0.13844365 0.24732462 0.37223139 0.44805085 0.34682459 0.33108753\n",
            "  0.42665323 0.30085276 0.3448736  0.43901576 0.49961376 0.51342749]\n",
            " [0.34621813 0.29562914 0.22420838 0.23782619 0.2335995  0.14255695\n",
            "  0.19707553 0.17775569 0.18052578 0.         0.25751797 0.07340444\n",
            "  0.32957488 0.1877378  0.09261248 0.18220467 0.11429204 0.30606377\n",
            "  0.25529024 0.14846209 0.21042876 0.27539789 0.21547889 0.24408873\n",
            "  0.27843139 0.36463606 0.31816155 0.32282617 0.35245352 0.38596012]\n",
            " [0.39524476 0.3097514  0.2763429  0.3776583  0.19425093 0.2449653\n",
            "  0.39276674 0.13668432 0.07729456 0.25751797 0.         0.32948401\n",
            "  0.07267291 0.10680385 0.21271216 0.43956786 0.33755495 0.10405316\n",
            "  0.13135037 0.30866756 0.44333123 0.52164359 0.41061354 0.38323826\n",
            "  0.49315984 0.2956384  0.37574229 0.49563405 0.56472802 0.57199699]\n",
            " [0.38045119 0.34319414 0.27149057 0.25325375 0.29763141 0.19353378\n",
            "  0.19031558 0.24882653 0.25295982 0.07340444 0.32948401 0.\n",
            "  0.40100192 0.25192607 0.14082184 0.11343819 0.07629113 0.37050838\n",
            "  0.31332389 0.14377497 0.14694568 0.20374329 0.17380584 0.22642415\n",
            "  0.2207591  0.39982161 0.32197929 0.28162329 0.29289641 0.33589589]\n",
            " [0.44435193 0.35772596 0.33456234 0.44210442 0.24583138 0.31259614\n",
            "  0.46256126 0.20192281 0.14986644 0.32957488 0.07267291 0.40100192\n",
            "  0.         0.16460846 0.27879267 0.51175255 0.40487016 0.09684666\n",
            "  0.15801624 0.36925997 0.50999971 0.59019807 0.47172258 0.43576405\n",
            "  0.55584165 0.30368035 0.41160727 0.55024963 0.62588726 0.62761963]\n",
            " [0.4255185  0.34713097 0.29445009 0.37025226 0.23708155 0.23557852\n",
            "  0.36176653 0.15835076 0.07377618 0.1877378  0.10680385 0.25192607\n",
            "  0.16460846 0.         0.11757632 0.36533618 0.24340768 0.11872408\n",
            "  0.07492144 0.2047506  0.34720098 0.42946959 0.30720272 0.27644116\n",
            "  0.39123708 0.22893468 0.27556373 0.38914894 0.46142492 0.46580871]\n",
            " [0.41384728 0.35035885 0.28346581 0.32188616 0.26278811 0.20548513\n",
            "  0.28882438 0.18811642 0.14568524 0.09261248 0.21271216 0.14082184\n",
            "  0.27879267 0.11757632 0.         0.25326753 0.12626122 0.2335562\n",
            "  0.17284262 0.10349219 0.23123037 0.31217693 0.20118565 0.19473964\n",
            "  0.28139327 0.27208935 0.24155038 0.296303   0.35403224 0.3691429 ]\n",
            " [0.40931624 0.3950209  0.3282687  0.26683708 0.37842084 0.26406279\n",
            "  0.18427053 0.34500075 0.36239872 0.18220467 0.43956786 0.11343819\n",
            "  0.51175255 0.36533618 0.25326753 0.         0.15380309 0.48394392\n",
            "  0.4260995  0.23076342 0.1388201  0.13926332 0.20932982 0.28753969\n",
            "  0.21084766 0.50094299 0.39901098 0.29998573 0.26759887 0.33070112]\n",
            " [0.45153848 0.4075822  0.33570897 0.32848958 0.34718789 0.2547663\n",
            "  0.2664844  0.28598417 0.266325   0.11429204 0.33755495 0.07629113\n",
            "  0.40487016 0.24340768 0.12626122 0.15380309 0.         0.35678833\n",
            "  0.29089423 0.07709629 0.105951   0.18606344 0.10239966 0.15048474\n",
            "  0.16597083 0.34783256 0.25111304 0.21074865 0.24025807 0.27173957]\n",
            " [0.49739763 0.41261511 0.3745877  0.46787848 0.29689938 0.33218451\n",
            "  0.47105056 0.23194112 0.15126828 0.30606377 0.10405316 0.37050838\n",
            "  0.09684666 0.11872408 0.2335562  0.48394392 0.35678833 0.\n",
            "  0.07315092 0.3069678  0.45742673 0.54205457 0.40751286 0.35945007\n",
            "  0.49316554 0.20697716 0.32108283 0.47472669 0.55942147 0.55257619]\n",
            " [0.49549172 0.41468494 0.36596803 0.44506258 0.30133765 0.31007062\n",
            "  0.4357898  0.22593001 0.13844365 0.25529024 0.13135037 0.31332389\n",
            "  0.15801624 0.07492144 0.17284262 0.4260995  0.29089423 0.07315092\n",
            "  0.         0.23621184 0.38868089 0.47439    0.33562333 0.28631922\n",
            "  0.42134551 0.16654026 0.25359698 0.40160332 0.48680162 0.47945215]\n",
            " [0.49436236 0.43969835 0.36953618 0.38337782 0.36176201 0.28816177\n",
            "  0.33063317 0.29001354 0.24732462 0.14846209 0.30866756 0.14377497\n",
            "  0.36925997 0.2047506  0.10349219 0.23076342 0.07709629 0.3069678\n",
            "  0.23621184 0.         0.15469569 0.24180703 0.10246296 0.09674385\n",
            "  0.18713037 0.27245339 0.17828608 0.19281085 0.25667545 0.26615502]\n",
            " [0.52064013 0.48911895 0.41772728 0.38499408 0.44273799 0.34046968\n",
            "  0.3090508  0.38736757 0.37223139 0.21042876 0.44333123 0.14694568\n",
            "  0.50999971 0.34720098 0.23123037 0.1388201  0.105951   0.45742673\n",
            "  0.38868089 0.15469569 0.         0.08728218 0.08232837 0.16900835\n",
            "  0.07709748 0.41790718 0.28649658 0.16118375 0.14637822 0.19735042]\n",
            " [0.5480898  0.52935286 0.46033731 0.4060328  0.49914876 0.38933535\n",
            "  0.32346837 0.45247043 0.44805085 0.27539789 0.52164359 0.20374329\n",
            "  0.59019807 0.42946959 0.31217693 0.13926332 0.18606344 0.54205457\n",
            "  0.47439    0.24180703 0.08728218 0.         0.16262836 0.24849327\n",
            "  0.10815135 0.50375729 0.36549512 0.20709522 0.13885371 0.21156062]\n",
            " [0.55318481 0.50991689 0.43806916 0.42671011 0.4459706  0.35698898\n",
            "  0.3589065  0.3802131  0.34682459 0.21547889 0.41061354 0.17380584\n",
            "  0.47172258 0.30720272 0.20118565 0.20932982 0.10239966 0.40751286\n",
            "  0.33562333 0.10246296 0.08232837 0.16262836 0.         0.0869106\n",
            "  0.08572465 0.34269415 0.20450183 0.10845506 0.15425478 0.17168864]\n",
            " [0.59030676 0.53644167 0.46623108 0.47538737 0.45668677 0.38478385\n",
            "  0.4167332  0.38285285 0.33108753 0.24408873 0.38323826 0.22642415\n",
            "  0.43576405 0.27644116 0.19473964 0.28753969 0.15048474 0.35945007\n",
            "  0.28631922 0.09674385 0.16900835 0.24849327 0.0869106  0.\n",
            "  0.15735045 0.26317363 0.11759159 0.11529056 0.20870683 0.19313584]\n",
            " [0.59738684 0.5639333  0.4922495  0.46209094 0.5120305  0.41368742\n",
            "  0.38576679 0.45192836 0.42665323 0.27843139 0.49315984 0.2207591\n",
            "  0.55584165 0.39123708 0.28139327 0.21084766 0.16597083 0.49316554\n",
            "  0.42134551 0.18713037 0.07709748 0.10815135 0.08572465 0.15735045\n",
            "  0.         0.42036549 0.2691107  0.0991372  0.07428725 0.12072581]\n",
            " [0.65381018 0.57606499 0.52193129 0.58622899 0.46506433 0.45676846\n",
            "  0.56057916 0.38716414 0.30085276 0.36463606 0.2956384  0.39982161\n",
            "  0.30368035 0.22893468 0.27208935 0.50094299 0.34783256 0.20697716\n",
            "  0.16654026 0.27245339 0.41790718 0.50375729 0.34269415 0.26317363\n",
            "  0.42036549 0.         0.16737323 0.36310215 0.46851752 0.43526434]\n",
            " [0.65535028 0.59070051 0.5248778  0.55598773 0.49527882 0.44686807\n",
            "  0.50807878 0.41594699 0.3448736  0.31816155 0.37574229 0.32197929\n",
            "  0.41160727 0.27556373 0.24155038 0.39901098 0.25111304 0.32108283\n",
            "  0.25359698 0.17828608 0.28649658 0.36549512 0.20450183 0.11759159\n",
            "  0.2691107  0.16737323 0.         0.19874712 0.30735871 0.26849319]\n",
            " [0.66154339 0.61796585 0.54618944 0.53365451 0.55056964 0.46491197\n",
            "  0.46322963 0.48165218 0.43901576 0.32282617 0.49563405 0.28162329\n",
            "  0.55024963 0.38914894 0.296303   0.29998573 0.21074865 0.47472669\n",
            "  0.40160332 0.19281085 0.16118375 0.20709522 0.10845506 0.11529056\n",
            "  0.0991372  0.36310215 0.19874712 0.         0.11045114 0.0778495 ]\n",
            " [0.66572032 0.63549232 0.56406045 0.52786615 0.58601742 0.48634344\n",
            "  0.4488639  0.52620937 0.49961376 0.35245352 0.56472802 0.29289641\n",
            "  0.62588726 0.46142492 0.35403224 0.26759887 0.24025807 0.55942147\n",
            "  0.48680162 0.25667545 0.14637822 0.13885371 0.15425478 0.20870683\n",
            "  0.07428725 0.46851752 0.30735871 0.11045114 0.         0.07679903]\n",
            " [0.71544289 0.67794427 0.60601608 0.5819039  0.61757699 0.52584529\n",
            "  0.5063646  0.55157064 0.51342749 0.38596012 0.57199699 0.33589589\n",
            "  0.62761963 0.46580871 0.3691429  0.33070112 0.27173957 0.55257619\n",
            "  0.47945215 0.26615502 0.19735042 0.21156062 0.17168864 0.19313584\n",
            "  0.12072581 0.43526434 0.26849319 0.0778495  0.07679903 0.        ]]\n"
          ]
        }
      ],
      "source": [
        "dm = np.zeros((len(vcs), numpart, numpart))\n",
        "\n",
        "for i in range(len(vcs)):\n",
        "    dm[i] = squareform(\n",
        "        pdist(sorted_vcs[i], metric=\"euclidean\"), force=\"no\", checks=True\n",
        "    )\n",
        "\n",
        "print(dm.shape, \"\\n\", dm[1])"
      ]
    },
    {
      "cell_type": "markdown",
      "id": "dc556d3b",
      "metadata": {
        "id": "dc556d3b"
      },
      "source": [
        "Split in training and test set"
      ]
    },
    {
      "cell_type": "code",
      "execution_count": 8,
      "id": "7e97d525",
      "metadata": {
        "colab": {
          "base_uri": "https://localhost:8080/"
        },
        "id": "7e97d525",
        "outputId": "1764de9a-1315-4e48-ddc2-88f62bd4133c"
      },
      "outputs": [
        {
          "output_type": "stream",
          "name": "stdout",
          "text": [
            "(8000, 30, 2)\n",
            "(2000, 30, 2)\n",
            "(8000, 30, 30)\n",
            "(2000, 30, 30)\n"
          ]
        }
      ],
      "source": [
        "train_perc = 0.8\n",
        "\n",
        "trainset_conf = sorted_vcs[: int(train_perc * len(dm))]\n",
        "print(trainset_conf.shape)\n",
        "testset_conf = sorted_vcs[int(train_perc * len(dm)) :]\n",
        "print(testset_conf.shape)\n",
        "\n",
        "trainset_mat = dm[: int(train_perc * len(dm))]\n",
        "print(trainset_mat.shape)\n",
        "testset_mat = dm[int(train_perc * len(dm)) :]\n",
        "print(testset_mat.shape)"
      ]
    },
    {
      "cell_type": "markdown",
      "id": "5dea10c6",
      "metadata": {
        "id": "5dea10c6"
      },
      "source": [
        "## Variational Auto Encoder (Model 1)"
      ]
    },
    {
      "cell_type": "markdown",
      "id": "5a611a5b",
      "metadata": {
        "id": "5a611a5b"
      },
      "source": [
        "### Sampling class"
      ]
    },
    {
      "cell_type": "code",
      "execution_count": 9,
      "id": "1f699c38",
      "metadata": {
        "id": "1f699c38"
      },
      "outputs": [],
      "source": [
        "class Sampling(layers.Layer):\n",
        "    \"\"\"Uses (z_mean, z_log_var) to sample z, the vector encoding a digit.\"\"\"\n",
        "\n",
        "    def call(self, inputs):\n",
        "        z_mean, z_log_var = inputs\n",
        "        batch = tf.shape(z_mean)[0]\n",
        "        dim = tf.shape(z_mean)[1]\n",
        "        epsilon = tf.keras.backend.random_normal(shape=(batch, dim))\n",
        "        return z_mean + tf.exp(0.5 * z_log_var) * epsilon\n"
      ]
    },
    {
      "cell_type": "markdown",
      "id": "0e55e13e",
      "metadata": {
        "id": "0e55e13e"
      },
      "source": [
        "### Encoder"
      ]
    },
    {
      "cell_type": "code",
      "execution_count": 10,
      "id": "67faee0e",
      "metadata": {
        "scrolled": false,
        "colab": {
          "base_uri": "https://localhost:8080/"
        },
        "id": "67faee0e",
        "outputId": "24c5eb89-e76c-4b18-9c09-1803bd27be03"
      },
      "outputs": [
        {
          "output_type": "stream",
          "name": "stdout",
          "text": [
            "Model: \"encoder\"\n",
            "__________________________________________________________________________________________________\n",
            " Layer (type)                   Output Shape         Param #     Connected to                     \n",
            "==================================================================================================\n",
            " input_1 (InputLayer)           [(None, 30, 30, 1)]  0           []                               \n",
            "                                                                                                  \n",
            " conv2d (Conv2D)                (None, 30, 30, 32)   320         ['input_1[0][0]']                \n",
            "                                                                                                  \n",
            " conv2d_1 (Conv2D)              (None, 30, 30, 64)   18496       ['conv2d[0][0]']                 \n",
            "                                                                                                  \n",
            " flatten (Flatten)              (None, 57600)        0           ['conv2d_1[0][0]']               \n",
            "                                                                                                  \n",
            " z_mean (Dense)                 (None, 50)           2880050     ['flatten[0][0]']                \n",
            "                                                                                                  \n",
            " z_log_var (Dense)              (None, 50)           2880050     ['flatten[0][0]']                \n",
            "                                                                                                  \n",
            " sampling (Sampling)            (None, 50)           0           ['z_mean[0][0]',                 \n",
            "                                                                  'z_log_var[0][0]']              \n",
            "                                                                                                  \n",
            "==================================================================================================\n",
            "Total params: 5,778,916\n",
            "Trainable params: 5,778,916\n",
            "Non-trainable params: 0\n",
            "__________________________________________________________________________________________________\n"
          ]
        }
      ],
      "source": [
        "encoder_inputs = keras.Input(shape=(numpart, numpart, 1))\n",
        "x = Conv2D(32, 3, padding=\"same\", activation=\"relu\")(encoder_inputs)\n",
        "# x = Conv2D(128, 3, padding='same', activation='relu')(x)\n",
        "x = Conv2D(64, 3, padding=\"same\", activation=\"relu\")(x)\n",
        "conv_shape = K.int_shape(x)  # Shape of conv to be provided to decoder\n",
        "x = Flatten()(x)  # Flatten\n",
        "\n",
        "\n",
        "z_mean = layers.Dense(latent_dim, name=\"z_mean\")(x)\n",
        "z_log_var = layers.Dense(latent_dim, name=\"z_log_var\")(x)\n",
        "z = Sampling()([z_mean, z_log_var])\n",
        "encoder = keras.Model(\n",
        "    encoder_inputs, [z_mean, z_log_var, z], name=\"encoder\"\n",
        ")\n",
        "encoder.summary()"
      ]
    },
    {
      "cell_type": "markdown",
      "id": "fcc3e390",
      "metadata": {
        "id": "fcc3e390"
      },
      "source": [
        "### Decoder"
      ]
    },
    {
      "cell_type": "code",
      "execution_count": 11,
      "id": "c0907c43",
      "metadata": {
        "colab": {
          "base_uri": "https://localhost:8080/"
        },
        "id": "c0907c43",
        "outputId": "e7092fd9-a7ca-4428-c7a1-e4f524cf2225"
      },
      "outputs": [
        {
          "output_type": "stream",
          "name": "stdout",
          "text": [
            "Model: \"decoder\"\n",
            "_________________________________________________________________\n",
            " Layer (type)                Output Shape              Param #   \n",
            "=================================================================\n",
            " decoder_input (InputLayer)  [(None, 50)]              0         \n",
            "                                                                 \n",
            " dense (Dense)               (None, 57600)             2937600   \n",
            "                                                                 \n",
            " reshape (Reshape)           (None, 30, 30, 64)        0         \n",
            "                                                                 \n",
            " conv2d_transpose (Conv2DTra  (None, 30, 30, 64)       36928     \n",
            " nspose)                                                         \n",
            "                                                                 \n",
            " conv2d_transpose_1 (Conv2DT  (None, 30, 30, 32)       18464     \n",
            " ranspose)                                                       \n",
            "                                                                 \n",
            " decoder_output (Conv2DTrans  (None, 30, 30, 1)        289       \n",
            " pose)                                                           \n",
            "                                                                 \n",
            "=================================================================\n",
            "Total params: 2,993,281\n",
            "Trainable params: 2,993,281\n",
            "Non-trainable params: 0\n",
            "_________________________________________________________________\n"
          ]
        }
      ],
      "source": [
        "decoder_input = Input(shape=(latent_dim,), name=\"decoder_input\")\n",
        "x = Dense(\n",
        "    conv_shape[1] * conv_shape[2] * conv_shape[3], activation=\"relu\"\n",
        ")(decoder_input)\n",
        "x = Reshape((conv_shape[1], conv_shape[2], conv_shape[3]))(x)\n",
        "x = Conv2DTranspose(64, 3, padding=\"same\", activation=\"relu\")(x)\n",
        "# x = Conv2DTranspose(128, 3, padding='same', activation='relu')(x)\n",
        "x = Conv2DTranspose(32, 3, padding=\"same\", activation=\"relu\")(x)\n",
        "decoder_outputs = Conv2DTranspose(\n",
        "    1, 3, padding=\"same\", activation=\"sigmoid\", name=\"decoder_output\"\n",
        ")(x)\n",
        "\n",
        "decoder = keras.Model(decoder_input, decoder_outputs, name=\"decoder\")\n",
        "decoder.summary()"
      ]
    },
    {
      "cell_type": "markdown",
      "id": "8a3299e2",
      "metadata": {
        "id": "8a3299e2"
      },
      "source": [
        "### VAE Class"
      ]
    },
    {
      "cell_type": "code",
      "execution_count": 12,
      "id": "5816189c",
      "metadata": {
        "id": "5816189c"
      },
      "outputs": [],
      "source": [
        "class VAE(keras.Model):\n",
        "    def __init__(self, encoder, decoder, **kwargs):\n",
        "        super().__init__(**kwargs)\n",
        "        self.encoder = encoder\n",
        "        self.decoder = decoder\n",
        "        self.total_loss_tracker = keras.metrics.Mean(name=\"total_loss\")\n",
        "        self.reconstruction_loss_tracker = keras.metrics.Mean(\n",
        "            name=\"reconstruction_loss\"\n",
        "        )\n",
        "        self.kl_loss_tracker = keras.metrics.Mean(name=\"kl_loss\")\n",
        "\n",
        "    @property\n",
        "    def metrics(self):\n",
        "        return [\n",
        "            self.total_loss_tracker,\n",
        "            self.reconstruction_loss_tracker,\n",
        "            self.kl_loss_tracker,\n",
        "        ]\n",
        "\n",
        "    def train_step(self, data):\n",
        "        with tf.GradientTape() as tape:\n",
        "            z_mean, z_log_var, z = self.encoder(data)\n",
        "            reconstruction = self.decoder(z)\n",
        "            size = reconstruction.shape[\n",
        "                1:\n",
        "            ]  # Extract dimensions excluding the first 'None' dimension\n",
        "            # noise = np.random.normal(0, 0.1, size=size)\n",
        "            # reconstruction = reconstruction + noise\n",
        "\n",
        "            # Reshape data to match decoder output shape\n",
        "            data = tf.expand_dims(data, axis=-1)\n",
        "\n",
        "            reconstruction_loss = tf.reduce_mean(\n",
        "                keras.losses.mean_squared_error(data, reconstruction)\n",
        "            )\n",
        "            kl_loss = -0.5 * (\n",
        "                1 + z_log_var - tf.square(z_mean) - tf.exp(z_log_var)\n",
        "            )\n",
        "            kl_loss = tf.reduce_mean(kl_loss)\n",
        "            total_loss = reconstruction_loss + reg_lambda * kl_loss\n",
        "        grads = tape.gradient(total_loss, self.trainable_weights)\n",
        "        self.optimizer.apply_gradients(zip(grads, self.trainable_weights))\n",
        "        self.total_loss_tracker.update_state(total_loss)\n",
        "        self.reconstruction_loss_tracker.update_state(reconstruction_loss)\n",
        "        self.kl_loss_tracker.update_state(kl_loss)\n",
        "        return {\n",
        "            \"loss\": self.total_loss_tracker.result(),\n",
        "            \"reconstruction_loss\": self.reconstruction_loss_tracker.result(),\n",
        "            \"kl_loss\": self.kl_loss_tracker.result(),\n",
        "        }"
      ]
    },
    {
      "cell_type": "markdown",
      "id": "77af32ab",
      "metadata": {
        "id": "77af32ab"
      },
      "source": [
        "### Train VAE"
      ]
    },
    {
      "cell_type": "code",
      "execution_count": 13,
      "id": "eed8a833",
      "metadata": {
        "id": "eed8a833"
      },
      "outputs": [],
      "source": [
        "reg_lambda = 0.001\n",
        "vae = VAE(encoder, decoder)\n",
        "vae.compile(\n",
        "    optimizer=keras.optimizers.Adam(learning_rate=0.001)\n",
        ")  # lower learning rate"
      ]
    },
    {
      "cell_type": "code",
      "execution_count": 14,
      "id": "1f85776b",
      "metadata": {
        "scrolled": true,
        "colab": {
          "base_uri": "https://localhost:8080/"
        },
        "id": "1f85776b",
        "outputId": "7e84b861-a4c0-4979-fed3-7de3518ba5cd"
      },
      "outputs": [
        {
          "output_type": "stream",
          "name": "stdout",
          "text": [
            "Epoch 1/100\n",
            "63/63 - 14s - loss: 0.0190 - reconstruction_loss: 0.0186 - kl_loss: 0.3602 - 14s/epoch - 223ms/step\n",
            "Epoch 2/100\n",
            "63/63 - 2s - loss: 0.0155 - reconstruction_loss: 0.0152 - kl_loss: 0.2306 - 2s/epoch - 25ms/step\n",
            "Epoch 3/100\n",
            "63/63 - 2s - loss: 0.0144 - reconstruction_loss: 0.0140 - kl_loss: 0.3530 - 2s/epoch - 26ms/step\n",
            "Epoch 4/100\n",
            "63/63 - 1s - loss: 0.0126 - reconstruction_loss: 0.0119 - kl_loss: 0.6747 - 1s/epoch - 23ms/step\n",
            "Epoch 5/100\n",
            "63/63 - 1s - loss: 0.0107 - reconstruction_loss: 0.0098 - kl_loss: 0.9534 - 1s/epoch - 22ms/step\n",
            "Epoch 6/100\n",
            "63/63 - 1s - loss: 0.0101 - reconstruction_loss: 0.0090 - kl_loss: 1.0240 - 1s/epoch - 22ms/step\n",
            "Epoch 7/100\n",
            "63/63 - 1s - loss: 0.0097 - reconstruction_loss: 0.0086 - kl_loss: 1.0816 - 1s/epoch - 22ms/step\n",
            "Epoch 8/100\n",
            "63/63 - 1s - loss: 0.0092 - reconstruction_loss: 0.0080 - kl_loss: 1.1959 - 1s/epoch - 22ms/step\n",
            "Epoch 9/100\n",
            "63/63 - 1s - loss: 0.0085 - reconstruction_loss: 0.0072 - kl_loss: 1.3243 - 1s/epoch - 23ms/step\n",
            "Epoch 10/100\n",
            "63/63 - 1s - loss: 0.0080 - reconstruction_loss: 0.0066 - kl_loss: 1.3996 - 1s/epoch - 23ms/step\n",
            "Epoch 11/100\n",
            "63/63 - 1s - loss: 0.0074 - reconstruction_loss: 0.0060 - kl_loss: 1.4571 - 1s/epoch - 22ms/step\n",
            "Epoch 12/100\n",
            "63/63 - 1s - loss: 0.0071 - reconstruction_loss: 0.0056 - kl_loss: 1.5000 - 1s/epoch - 22ms/step\n",
            "Epoch 13/100\n",
            "63/63 - 1s - loss: 0.0067 - reconstruction_loss: 0.0052 - kl_loss: 1.5334 - 1s/epoch - 22ms/step\n",
            "Epoch 14/100\n",
            "63/63 - 1s - loss: 0.0064 - reconstruction_loss: 0.0049 - kl_loss: 1.5624 - 1s/epoch - 22ms/step\n",
            "Epoch 15/100\n",
            "63/63 - 1s - loss: 0.0062 - reconstruction_loss: 0.0046 - kl_loss: 1.5843 - 1s/epoch - 22ms/step\n",
            "Epoch 16/100\n",
            "63/63 - 1s - loss: 0.0059 - reconstruction_loss: 0.0043 - kl_loss: 1.6025 - 1s/epoch - 22ms/step\n",
            "Epoch 17/100\n",
            "63/63 - 1s - loss: 0.0058 - reconstruction_loss: 0.0041 - kl_loss: 1.6207 - 1s/epoch - 22ms/step\n",
            "Epoch 18/100\n",
            "63/63 - 1s - loss: 0.0056 - reconstruction_loss: 0.0040 - kl_loss: 1.6372 - 1s/epoch - 23ms/step\n",
            "Epoch 19/100\n",
            "63/63 - 1s - loss: 0.0054 - reconstruction_loss: 0.0038 - kl_loss: 1.6469 - 1s/epoch - 23ms/step\n",
            "Epoch 20/100\n",
            "63/63 - 1s - loss: 0.0053 - reconstruction_loss: 0.0036 - kl_loss: 1.6595 - 1s/epoch - 22ms/step\n",
            "Epoch 21/100\n",
            "63/63 - 1s - loss: 0.0052 - reconstruction_loss: 0.0035 - kl_loss: 1.6693 - 1s/epoch - 22ms/step\n",
            "Epoch 22/100\n",
            "63/63 - 1s - loss: 0.0050 - reconstruction_loss: 0.0033 - kl_loss: 1.6784 - 1s/epoch - 22ms/step\n",
            "Epoch 23/100\n",
            "63/63 - 1s - loss: 0.0049 - reconstruction_loss: 0.0032 - kl_loss: 1.6843 - 1s/epoch - 22ms/step\n",
            "Epoch 24/100\n",
            "63/63 - 1s - loss: 0.0048 - reconstruction_loss: 0.0031 - kl_loss: 1.6907 - 1s/epoch - 22ms/step\n",
            "Epoch 25/100\n",
            "63/63 - 1s - loss: 0.0047 - reconstruction_loss: 0.0030 - kl_loss: 1.6963 - 1s/epoch - 22ms/step\n",
            "Epoch 26/100\n",
            "63/63 - 1s - loss: 0.0046 - reconstruction_loss: 0.0029 - kl_loss: 1.7033 - 1s/epoch - 22ms/step\n",
            "Epoch 27/100\n",
            "63/63 - 1s - loss: 0.0045 - reconstruction_loss: 0.0028 - kl_loss: 1.7052 - 1s/epoch - 22ms/step\n",
            "Epoch 28/100\n",
            "63/63 - 1s - loss: 0.0045 - reconstruction_loss: 0.0028 - kl_loss: 1.7090 - 1s/epoch - 23ms/step\n",
            "Epoch 29/100\n",
            "63/63 - 1s - loss: 0.0044 - reconstruction_loss: 0.0027 - kl_loss: 1.7171 - 1s/epoch - 23ms/step\n",
            "Epoch 30/100\n",
            "63/63 - 1s - loss: 0.0044 - reconstruction_loss: 0.0027 - kl_loss: 1.7158 - 1s/epoch - 22ms/step\n",
            "Epoch 31/100\n",
            "63/63 - 1s - loss: 0.0043 - reconstruction_loss: 0.0025 - kl_loss: 1.7173 - 1s/epoch - 22ms/step\n",
            "Epoch 32/100\n",
            "63/63 - 1s - loss: 0.0043 - reconstruction_loss: 0.0025 - kl_loss: 1.7229 - 1s/epoch - 22ms/step\n",
            "Epoch 33/100\n",
