{
 "cells": [
  {
   "cell_type": "markdown",
   "id": "cb34c7a8",
   "metadata": {},
   "source": [
    "# SBANN\n",
    "## ~~Just a Fit But Call it a Model Neural Network~~\n",
    "## Size and Batch Adaptable Neural Network"
   ]
  },
  {
   "cell_type": "markdown",
   "id": "2121bf15",
   "metadata": {},
   "source": [
    "Import necessary packages"
   ]
  },
  {
   "cell_type": "code",
   "execution_count": 1,
   "id": "79f7cdff",
   "metadata": {},
   "outputs": [
    {
     "name": "stderr",
     "output_type": "stream",
     "text": [
      "2023-05-30 12:39:47.509655: I tensorflow/core/platform/cpu_feature_guard.cc:193] This TensorFlow binary is optimized with oneAPI Deep Neural Network Library (oneDNN) to use the following CPU instructions in performance-critical operations:  SSE4.1 SSE4.2\n",
      "To enable them in other operations, rebuild TensorFlow with the appropriate compiler flags.\n"
     ]
    }
   ],
   "source": [
    "import numpy as np\n",
    "from scipy.spatial.distance import pdist, squareform\n",
    "import tensorflow as tf\n",
    "from tensorflow import keras\n",
    "from tensorflow.keras import layers\n",
    "import matplotlib.pyplot as plt\n",
    "import pandas as pd\n",
    "import seaborn as sns\n",
    "from scipy import linalg as la\n",
    "from keras import regularizers\n",
    "from keras import backend as K\n",
    "from keras.layers import Conv2D, Conv2DTranspose, Input, Flatten, Dense, Lambda, Reshape"
   ]
  },
  {
   "cell_type": "markdown",
   "id": "d142e12f",
   "metadata": {},
   "source": [
    "### Data"
   ]
  },
  {
   "cell_type": "markdown",
   "id": "728ed42a",
   "metadata": {},
   "source": [
    "Define core features of the dataset"
   ]
  },
  {
   "cell_type": "code",
   "execution_count": 2,
   "id": "04bdb140",
   "metadata": {},
   "outputs": [],
   "source": [
    "dim = 2\n",
    "numpart = 30\n",
    "latent_dim = 4\n",
    "box_size = 10"
   ]
  },
  {
   "cell_type": "markdown",
   "id": "a4ec27dc",
   "metadata": {},
   "source": [
    "Import and reshape data"
   ]
  },
  {
   "cell_type": "code",
   "execution_count": 3,
   "id": "f20664e3",
   "metadata": {},
   "outputs": [],
   "source": [
    "#fname = r'\\\\wsl$\\Ubuntu\\home\\alepitte\\ale\\uni\\variational-autoencoders\\mc-sampling\\dump\\test_30_10_1_0.75_0.2_10000_2500_5_x.txt'\n",
    "fname = '/Users/lorenzobarbiero/Documents/GitHub/variational-autoencoders/mc-sampling/good-runs/test_30_10_1_0.75_0.2_10000_2500_5_x.txt'\n",
    "\n",
    "with open(fname) as f:\n",
    "    data = [\n",
    "        [float(i.strip()) for i in s.split(\" \") if i != \"\"]\n",
    "        for s in f.read().split(\"\\n\")\n",
    "        if s != \"\"]\n",
    "\n",
    "    \n",
    "#labels = [row[-1] for row in data]\n",
    "\n",
    "#for row in data:\n",
    "#    del row[-1]"
   ]
  },
  {
   "cell_type": "code",
   "execution_count": 4,
   "id": "3be071e6",
   "metadata": {},
   "outputs": [
    {
     "name": "stdout",
     "output_type": "stream",
     "text": [
      "[9.886406, 1.733028, 5.70476, 2.535296, 2.840124, 2.350916, 1.765133, 0.618148, 4.150855, 1.776409, 0.273838, 2.5205, 2.162391, 1.565633, 8.438227, 0.122682, 0.77619, 1.349542, 7.692682, 1.124421, 3.571692, 3.226635, 5.117197, 0.406894, 5.477664, 3.650954, 7.615125, 3.490127, 2.773286, 0.202774, 6.421184, 1.101841, 0.228484, 0.43304, 7.187389, 0.15407, 5.486495, 1.438391, 9.513661, 0.717713, 3.18499, 1.307135, 1.384128, 2.413111, 9.879337, 3.398973, 7.846247, 2.163855, 3.992875, 0.48304, 8.812831, 1.430235, 6.729518, 2.117621, 4.687167, 2.894377, 8.77692, 2.687815, 6.587482, 3.315774]\n"
     ]
    }
   ],
   "source": [
    "print(data[1])"
   ]
  },
  {
   "cell_type": "code",
   "execution_count": 5,
   "id": "d468582e",
   "metadata": {},
   "outputs": [
    {
     "name": "stdout",
     "output_type": "stream",
     "text": [
      "(10000, 30, 2) [[0.69907447 0.12254359]\n",
      " [0.40338745 0.1792725 ]\n",
      " [0.20082709 0.16623486]\n",
      " [0.12481375 0.04370966]\n",
      " [0.29350977 0.12561109]\n",
      " [0.01936327 0.17822626]\n",
      " [0.15290413 0.11070697]\n",
      " [0.59667275 0.00867493]\n",
      " [0.05488492 0.09542703]\n",
      " [0.54395476 0.07950857]\n",
      " [0.25255676 0.22815755]\n",
      " [0.36184047 0.02877175]\n",
      " [0.38732934 0.25816143]\n",
      " [0.53847065 0.24678925]\n",
      " [0.19610093 0.01433829]\n",
      " [0.45404627 0.07791192]\n",
      " [0.01615626 0.03062055]\n",
      " [0.50822515 0.01089439]\n",
      " [0.38795378 0.1017096 ]\n",
      " [0.67271742 0.05074997]\n",
      " [0.2252128  0.0924284 ]\n",
      " [0.09787263 0.17063272]\n",
      " [0.69857462 0.24034369]\n",
      " [0.55481345 0.15300765]\n",
      " [0.2823389  0.03415609]\n",
      " [0.62316126 0.10113289]\n",
      " [0.47584878 0.14973842]\n",
      " [0.33143276 0.20466336]\n",
      " [0.62062196 0.19005722]\n",
      " [0.46580532 0.23446063]]\n"
     ]
    }
   ],
   "source": [
    "vcs = np.array(data).reshape((-1,numpart,dim))/(box_size*np.sqrt(2))\n",
    "#vcs = np.array(data)\n",
    "print(vcs.shape,vcs[1])"
   ]
  },
  {
   "cell_type": "code",
   "execution_count": 6,
   "id": "935ce942",
   "metadata": {},
   "outputs": [
    {
     "name": "stdout",
     "output_type": "stream",
     "text": [
      "(10000, 30, 2) \n",
      " [[0.01615626 0.03062055]\n",
      " [0.05488492 0.09542703]\n",
      " [0.12481375 0.04370966]\n",
      " [0.01936327 0.17822626]\n",
      " [0.15290413 0.11070697]\n",
      " [0.19610093 0.01433829]\n",
      " [0.09787263 0.17063272]\n",
      " [0.2252128  0.0924284 ]\n",
      " [0.20082709 0.16623486]\n",
      " [0.2823389  0.03415609]\n",
      " [0.29350977 0.12561109]\n",
      " [0.25255676 0.22815755]\n",
      " [0.36184047 0.02877175]\n",
      " [0.33143276 0.20466336]\n",
      " [0.38795378 0.1017096 ]\n",
      " [0.40338745 0.1792725 ]\n",
      " [0.45404627 0.07791192]\n",
      " [0.38732934 0.25816143]\n",
      " [0.47584878 0.14973842]\n",
      " [0.50822515 0.01089439]\n",
      " [0.46580532 0.23446063]\n",
      " [0.54395476 0.07950857]\n",
      " [0.55481345 0.15300765]\n",
      " [0.53847065 0.24678925]\n",
      " [0.59667275 0.00867493]\n",
      " [0.62316126 0.10113289]\n",
      " [0.62062196 0.19005722]\n",
      " [0.67271742 0.05074997]\n",
      " [0.69907447 0.12254359]\n",
      " [0.69857462 0.24034369]]\n"
     ]
    }
   ],
   "source": [
    "sortmode = 1\n",
    "if sortmode==1:\n",
    "\n",
    "    # Calculate distances from (0, 0)\n",
    "    distances = np.sqrt(vcs[:,:,0]**2 + vcs[:,:,1]**2)\n",
    "    idx = np.argsort(distances, axis=1)\n",
    "    sorted_vcs = np.empty_like(vcs)\n",
    "    for i in range(len(vcs)):\n",
    "        sorted_vcs[i] = vcs[i][idx[i]]\n",
    "\n",
    "    print(sorted_vcs.shape,\"\\n\",sorted_vcs[1])"
   ]
  },
  {
   "cell_type": "markdown",
   "id": "ecc829a1",
   "metadata": {},
   "source": [
    "### Compute distance matrix"
   ]
  },
  {
   "cell_type": "code",
   "execution_count": 7,
   "id": "6d724534",
   "metadata": {},
   "outputs": [
    {
     "name": "stdout",
     "output_type": "stream",
     "text": [
      "(10000, 30, 30) \n",
      " [[0.         0.07549695 0.10944302 0.14764055 0.15847339 0.18067982\n",
      "  0.16211407 0.21800195 0.22911691 0.26620612 0.29316919 0.30806828\n",
      "  0.34568916 0.36012521 0.37853276 0.41478355 0.44043631 0.43536686\n",
      "  0.47487502 0.49246413 0.49369531 0.53005782 0.55238589 0.56527978\n",
      "  0.58093116 0.61108678 0.62513906 0.65686966 0.68907701 0.71391779]\n",
      " [0.07549695 0.         0.08697544 0.09009717 0.09920304 0.16284148\n",
      "  0.0866247  0.17035427 0.16221241 0.23556197 0.24052629 0.23809987\n",
      "  0.31410927 0.29734035 0.33312811 0.35844675 0.39954545 0.37013751\n",
      "  0.42445294 0.46115413 0.43380401 0.48932883 0.5032336  0.50672052\n",
      "  0.54868933 0.56830498 0.57359679 0.61944575 0.64476002 0.65980093]\n",
      " [0.10944302 0.08697544 0.         0.17092255 0.07264784 0.07710084\n",
      "  0.12975086 0.11159518 0.14418895 0.15781458 0.1875265  0.22436421\n",
      "  0.23749696 0.26191126 0.26945625 0.30980734 0.3310043  0.33897492\n",
      "  0.36669836 0.38481313 0.3907188  0.42066703 0.44367306 0.46081813\n",
      "  0.47315785 0.50164496 0.51695589 0.5479489  0.57964658 0.60651997]\n",
      " [0.14764055 0.09009717 0.17092255 0.         0.14963962 0.24103002\n",
      "  0.07887573 0.22301413 0.1818596  0.29985396 0.27914989 0.23847922\n",
      "  0.37366734 0.3131873  0.37644889 0.3840256  0.44610793 0.37654835\n",
      "  0.45737357 0.51670678 0.44996978 0.53379904 0.53604372 0.52361566\n",
      "  0.60169252 0.60869976 0.60137508 0.66567398 0.68198818 0.68204591]\n",
      " [0.15847339 0.09920304 0.07264784 0.14963962 0.         0.10560723\n",
      "  0.08136069 0.07458317 0.07334819 0.15037751 0.14139334 0.15403014\n",
      "  0.22442766 0.20174308 0.23522179 0.25969814 0.3029226  0.27694403\n",
      "  0.32529479 0.36907394 0.33648495 0.39229317 0.40412924 0.40887642\n",
      "  0.45534726 0.47035457 0.47440113 0.52325968 0.54629859 0.56085823]\n",
      " [0.18067982 0.16284148 0.07710084 0.24103002 0.10560723 0.\n",
      "  0.18459888 0.08334007 0.15197009 0.08848577 0.14788549 0.22114687\n",
      "  0.16636682 0.23353444 0.21081096 0.26489808 0.26566409 0.30986776\n",
      "  0.31079262 0.31214322 0.34812972 0.35390599 0.38458271 0.41382421\n",
      "  0.40061185 0.43579103 0.45945103 0.47800532 0.51448107 0.5509612 ]\n",
      " [0.16211407 0.0866247  0.12975086 0.07887573 0.08136069 0.18459888\n",
      "  0.         0.14943706 0.10304835 0.22946389 0.20075069 0.1650342\n",
      "  0.29967241 0.23602631 0.29815679 0.30563696 0.36804458 0.30240116\n",
      "  0.37855322 0.44034705 0.37342799 0.45529428 0.45728061 0.44713134\n",
      "  0.52443483 0.52986637 0.5231101  0.5872124  0.60312206 0.60473341]\n",
      " [0.21800195 0.17035427 0.11159518 0.22301413 0.07458317 0.08334007\n",
      "  0.14943706 0.         0.07773067 0.08160303 0.07593133 0.13845611\n",
      "  0.15072919 0.15452949 0.16300542 0.19821226 0.22929345 0.23183875\n",
      "  0.25710471 0.29452298 0.27938846 0.3190037  0.33512152 0.3492245\n",
      "  0.3807849  0.39804364 0.40728343 0.44944129 0.47481766 0.49593381]\n",
      " [0.22911691 0.16221241 0.14418895 0.1818596  0.07334819 0.15197009\n",
      "  0.10304835 0.07773067 0.         0.15520624 0.10119471 0.08068691\n",
      "  0.21171069 0.1361418  0.19793915 0.2029795  0.26818071 0.20792686\n",
      "  0.27551599 0.34441868 0.27362057 0.35391813 0.35423339 0.34711984\n",
      "  0.42605037 0.42732237 0.42047026 0.48581606 0.50015935 0.50323426]\n",
      " [0.26620612 0.23556197 0.15781458 0.29985396 0.15037751 0.08848577\n",
      "  0.22946389 0.08160303 0.15520624 0.         0.09213471 0.19627415\n",
      "  0.07968369 0.17743432 0.12537137 0.18897493 0.1771948  0.24738914\n",
      "  0.22540042 0.22708083 0.27162812 0.26551781 0.29726768 0.33289088\n",
      "  0.31536497 0.347341   0.37247899 0.39073104 0.42600574 0.46450565]\n",
      " [0.29316919 0.24052629 0.1875265  0.27914989 0.14139334 0.14788549\n",
      "  0.20075069 0.07593133 0.10119471 0.09213471 0.         0.11042158\n",
      "  0.11851979 0.08767791 0.09742152 0.12228103 0.16747292 0.16239367\n",
      "  0.18392836 0.24343914 0.20379887 0.25465297 0.26273596 0.27329468\n",
      "  0.32493362 0.33055905 0.3334002  0.38652636 0.4055763  0.42100012]\n",
      " [0.30806828 0.23809987 0.22436421 0.23847922 0.15403014 0.22114687\n",
      "  0.1650342  0.13845611 0.08068691 0.19627415 0.11042158 0.\n",
      "  0.22737112 0.08230066 0.18526045 0.15855486 0.25133995 0.13807201\n",
      "  0.23666196 0.33551394 0.21334169 0.32712278 0.31145884 0.28652032\n",
      "  0.40815247 0.39176901 0.37003193 0.45607941 0.45883807 0.4461843 ]\n",
      " [0.34568916 0.31410927 0.23749696 0.37366734 0.22442766 0.16636682\n",
      "  0.29967241 0.15072919 0.21171069 0.07968369 0.11851979 0.22737112\n",
      "  0.         0.17850066 0.07747151 0.15613016 0.10448286 0.23080145\n",
      "  0.16622524 0.14747228 0.2304704  0.18904983 0.22950627 0.2805884\n",
      "  0.23569065 0.27115436 0.30492764 0.31165289 0.35002847 0.39768401]\n",
      " [0.36012521 0.29734035 0.26191126 0.3131873  0.20174308 0.23353444\n",
      "  0.23602631 0.15452949 0.1361418  0.17743432 0.08767791 0.08230066\n",
      "  0.17850066 0.         0.1174483  0.07630317 0.17635192 0.07737229\n",
      "  0.15450805 0.26230128 0.13763671 0.24663601 0.22927548 0.2112801\n",
      "  0.32979345 0.30955464 0.28955783 0.37438557 0.37670159 0.36887157]\n",
      " [0.37853276 0.33312811 0.26945625 0.37644889 0.23522179 0.21081096\n",
      "  0.29815679 0.16300542 0.19793915 0.12537137 0.09742152 0.18526045\n",
      "  0.07747151 0.1174483  0.         0.07908351 0.07024633 0.15645308\n",
      "  0.10016136 0.15070701 0.15389508 0.15757281 0.174567   0.20905366\n",
      "  0.2285149  0.23520818 0.24887705 0.28928742 0.31181748 0.34015395]\n",
      " [0.41478355 0.35844675 0.30980734 0.3840256  0.25969814 0.26489808\n",
      "  0.30563696 0.19821226 0.2029795  0.18897493 0.12228103 0.15855486\n",
      "  0.15613016 0.07630317 0.07908351 0.         0.11331497 0.08050669\n",
      "  0.07824901 0.19834851 0.08331699 0.17237172 0.15368694 0.1510165\n",
      "  0.25780369 0.23325164 0.21750206 0.29842365 0.3010797  0.30143848]\n",
      " [0.44043631 0.39954545 0.3310043  0.44610793 0.3029226  0.26566409\n",
      "  0.36804458 0.22929345 0.26818071 0.1771948  0.16747292 0.25133995\n",
      "  0.10448286 0.17635192 0.07024633 0.11331497 0.         0.19220051\n",
      "  0.0750626  0.0861783  0.15698972 0.08992266 0.12567176 0.1888042\n",
      "  0.1585436  0.17070176 0.20080844 0.22035163 0.24905984 0.29356122]\n",
      " [0.43536686 0.37013751 0.33897492 0.37654835 0.27694403 0.30986776\n",
      "  0.30240116 0.23183875 0.20792686 0.24738914 0.16239367 0.13807201\n",
      "  0.23080145 0.07737229 0.15645308 0.08050669 0.19220051 0.\n",
      "  0.13996872 0.27523951 0.08197688 0.23758865 0.19775804 0.15156855\n",
      "  0.32568111 0.28332783 0.24303011 0.35279721 0.33996651 0.31175487]\n",
      " [0.47487502 0.42445294 0.36669836 0.45737357 0.32529479 0.31079262\n",
      "  0.37855322 0.25710471 0.27551599 0.22540042 0.18392836 0.23666196\n",
      "  0.16622524 0.15450805 0.10016136 0.07824901 0.0750626  0.13996872\n",
      "  0.         0.1425689  0.08531544 0.09782973 0.07903231 0.11550049\n",
      "  0.1857346  0.15512402 0.15028267 0.2203542  0.22487612 0.24044981]\n",
      " [0.49246413 0.46115413 0.38481313 0.51670678 0.36907394 0.31214322\n",
      "  0.44034705 0.29452298 0.34441868 0.22708083 0.24343914 0.33551394\n",
      "  0.14747228 0.26230128 0.15070701 0.19834851 0.0861783  0.27523951\n",
      "  0.1425689  0.         0.22755505 0.07735962 0.14955483 0.23782593\n",
      "  0.08847545 0.14612766 0.21150027 0.16925181 0.22110858 0.29812732]\n",
      " [0.49369531 0.43380401 0.3907188  0.44996978 0.33648495 0.34812972\n",
      "  0.37342799 0.27938846 0.27362057 0.27162812 0.20379887 0.21334169\n",
      "  0.2304704  0.13763671 0.15389508 0.08331699 0.15698972 0.08197688\n",
      "  0.08531544 0.22755505 0.         0.17354387 0.12065253 0.07370377\n",
      "  0.26097024 0.20624543 0.16105855 0.27669879 0.25872751 0.23284363]\n",
      " [0.53005782 0.48932883 0.42066703 0.53379904 0.39229317 0.35390599\n",
      "  0.45529428 0.3190037  0.35391813 0.26551781 0.25465297 0.32712278\n",
      "  0.18904983 0.24663601 0.15757281 0.17237172 0.08992266 0.23758865\n",
      "  0.09782973 0.07735962 0.17354387 0.         0.07429688 0.16737055\n",
      "  0.08829831 0.0821053  0.13453202 0.13193513 0.16097869 0.22310364]\n",
      " [0.55238589 0.5032336  0.44367306 0.53604372 0.40412924 0.38458271\n",
      "  0.45728061 0.33512152 0.35423339 0.29726768 0.26273596 0.31145884\n",
      "  0.22950627 0.22927548 0.174567   0.15368694 0.12567176 0.19775804\n",
      "  0.07903231 0.14955483 0.12065253 0.07429688 0.         0.09519493\n",
      "  0.1502802  0.08580451 0.07552107 0.15607043 0.14744254 0.16821075]\n",
      " [0.56527978 0.50672052 0.46081813 0.52361566 0.40887642 0.41382421\n",
      "  0.44713134 0.3492245  0.34711984 0.33289088 0.27329468 0.28652032\n",
      "  0.2805884  0.2112801  0.20905366 0.1510165  0.1888042  0.15156855\n",
      "  0.11550049 0.23782593 0.07370377 0.16737055 0.09519493 0.\n",
      "  0.24512428 0.1684882  0.09983667 0.23759965 0.20305312 0.16023366]\n",
      " [0.58093116 0.54868933 0.47315785 0.60169252 0.45534726 0.40061185\n",
      "  0.52443483 0.3807849  0.42605037 0.31536497 0.32493362 0.40815247\n",
      "  0.23569065 0.32979345 0.2285149  0.25780369 0.1585436  0.32568111\n",
      "  0.1857346  0.08847545 0.26097024 0.08829831 0.1502802  0.24512428\n",
      "  0.         0.09617752 0.18295656 0.08690858 0.15314106 0.25308971]\n",
      " [0.61108678 0.56830498 0.50164496 0.60869976 0.47035457 0.43579103\n",
      "  0.52986637 0.39804364 0.42732237 0.347341   0.33055905 0.39176901\n",
      "  0.27115436 0.30955464 0.23520818 0.23325164 0.17070176 0.28332783\n",
      "  0.15512402 0.14612766 0.20624543 0.0821053  0.08580451 0.1684882\n",
      "  0.09617752 0.         0.08896058 0.07067002 0.0788748  0.15832505]\n",
      " [0.62513906 0.57359679 0.51695589 0.60137508 0.47440113 0.45945103\n",
      "  0.5231101  0.40728343 0.42047026 0.37247899 0.3334002  0.37003193\n",
      "  0.30492764 0.28955783 0.24887705 0.21750206 0.20080844 0.24303011\n",
      "  0.15028267 0.21150027 0.16105855 0.13453202 0.07552107 0.09983667\n",
      "  0.18295656 0.08896058 0.         0.14872944 0.10350308 0.092765  ]\n",
      " [0.65686966 0.61944575 0.5479489  0.66567398 0.52325968 0.47800532\n",
      "  0.5872124  0.44944129 0.48581606 0.39073104 0.38652636 0.45607941\n",
      "  0.31165289 0.37438557 0.28928742 0.29842365 0.22035163 0.35279721\n",
      "  0.2203542  0.16925181 0.27669879 0.13193513 0.15607043 0.23759965\n",
      "  0.08690858 0.07067002 0.14872944 0.         0.07647887 0.19134882]\n",
      " [0.68907701 0.64476002 0.57964658 0.68198818 0.54629859 0.51448107\n",
      "  0.60312206 0.47481766 0.50015935 0.42600574 0.4055763  0.45883807\n",
      "  0.35002847 0.37670159 0.31181748 0.3010797  0.24905984 0.33996651\n",
      "  0.22487612 0.22110858 0.25872751 0.16097869 0.14744254 0.20305312\n",
      "  0.15314106 0.0788748  0.10350308 0.07647887 0.         0.11780116]\n",
      " [0.71391779 0.65980093 0.60651997 0.68204591 0.56085823 0.5509612\n",
      "  0.60473341 0.49593381 0.50323426 0.46450565 0.42100012 0.4461843\n",
      "  0.39768401 0.36887157 0.34015395 0.30143848 0.29356122 0.31175487\n",
      "  0.24044981 0.29812732 0.23284363 0.22310364 0.16821075 0.16023366\n",
      "  0.25308971 0.15832505 0.092765   0.19134882 0.11780116 0.        ]]\n"
     ]
    }
   ],
   "source": [
    "dm = np.zeros((len(vcs),numpart,numpart))\n",
    "\n",
    "for i in range(len(vcs)):\n",
    "               dm[i]=squareform(pdist(sorted_vcs[i], metric='euclidean'), force='no', checks=True)\n",
    "               \n",
    "print(dm.shape, '\\n', dm[1])"
   ]
  },
  {
   "cell_type": "markdown",
   "id": "dc556d3b",
   "metadata": {},
   "source": [
    "Split in training and test set"
   ]
  },
  {
   "cell_type": "code",
   "execution_count": 8,
   "id": "7e97d525",
   "metadata": {},
   "outputs": [
    {
     "name": "stdout",
     "output_type": "stream",
     "text": [
      "(8000, 30, 2)\n",
      "(2000, 30, 2)\n",
      "(8000, 30, 30)\n",
      "(2000, 30, 30)\n"
     ]
    }
   ],
   "source": [
    "train_perc=0.8\n",
    "\n",
    "trainset_conf = sorted_vcs[:int(train_perc*len(dm))]\n",
    "print(trainset_conf.shape)\n",
    "testset_conf = sorted_vcs[int(train_perc*len(dm)):]\n",
    "print(testset_conf.shape)\n",
    "\n",
    "trainset_mat = dm[:int(train_perc*len(dm))]\n",
    "print(trainset_mat.shape)\n",
    "testset_mat = dm[int(train_perc*len(dm)):]\n",
    "print(testset_mat.shape)"
   ]
  },
  {
   "cell_type": "markdown",
   "id": "5a611a5b",
   "metadata": {},
   "source": [
    "### Sampling class"
   ]
  },
  {
   "cell_type": "code",
   "execution_count": 9,
   "id": "1f699c38",
   "metadata": {},
   "outputs": [],
   "source": [
    "class Sampling(layers.Layer):\n",
    "    \"\"\"Uses (z_mean, z_log_var) to sample z, the vector encoding a digit.\"\"\"\n",
    "\n",
    "    def call(self, inputs):\n",
    "        z_mean, z_log_var = inputs\n",
    "        batch = tf.shape(z_mean)[0]\n",
    "        dim = tf.shape(z_mean)[1]\n",
    "        epsilon = tf.keras.backend.random_normal(shape=(batch, dim))\n",
    "        return z_mean + tf.exp(0.5 * z_log_var) * epsilon"
   ]
  },
  {
   "cell_type": "code",
   "execution_count": 10,
   "id": "c8aec76f",
   "metadata": {},
   "outputs": [],
   "source": [
    "class DistanceMatrixLayer(layers.Layer):\n",
    "    def __init__(self):\n",
    "        super(DistanceMatrixLayer, self).__init__()\n",
    "\n",
    "    def call(self, inputs):\n",
    "        numpart, dim = inputs.shape[0], inputs.shape[1]\n",
    "\n",
    "        arrayd = []\n",
    "        \n",
    "        for i, data in enumerate(inputs):\n",
    "            for j, data in enumerate(inputs):\n",
    "                arrayd[j+i*inputs.shape[0]] = np.linalg.norm(data[i]-data[j])\n",
    "        \n",
    "        arrayd = np.array(arrayd)\n",
    "\n",
    "        return arrayd"
   ]
  },
  {
   "cell_type": "code",
   "execution_count": 11,
   "id": "5d8812e7",
   "metadata": {},
   "outputs": [],
   "source": [
    "class DistanceMatrixLayer(layers.Layer):\n",
    "    def __init__(self):\n",
    "        super(DistanceMatrixLayer, self).__init__()\n",
    "\n",
    "    def call(self, inputs):\n",
    "        numpart, dim = inputs.shape[1], inputs.shape[2]\n",
    "\n",
    "        # Compute pairwise distances\n",
    "        expanded_inputs = tf.expand_dims(inputs, axis=1)\n",
    "        expanded_inputs_transpose = tf.transpose(expanded_inputs, perm=[0, 2, 1, 3])\n",
    "        pairwise_distances = tf.norm(expanded_inputs - expanded_inputs_transpose, axis=-1)\n",
    "\n",
    "        # Normalize distances\n",
    "        #normalized_distances = pairwise_distances / (numpart * dim)\n",
    "\n",
    "        return tf.keras.layers.Flatten()(pairwise_distances)"
   ]
  },
  {
   "cell_type": "markdown",
   "id": "0e55e13e",
   "metadata": {},
   "source": [
    "### Encoder"
   ]
  },
  {
   "cell_type": "code",
   "execution_count": 12,
   "id": "67faee0e",
   "metadata": {
    "scrolled": false
   },
   "outputs": [
    {
     "name": "stdout",
     "output_type": "stream",
     "text": [
      "Model: \"encoder\"\n",
      "__________________________________________________________________________________________________\n",
      " Layer (type)                   Output Shape         Param #     Connected to                     \n",
      "==================================================================================================\n",
      " input_1 (InputLayer)           [(None, 30, 30, 1)]  0           []                               \n",
      "                                                                                                  \n",
      " conv2d (Conv2D)                (None, 30, 30, 32)   320         ['input_1[0][0]']                \n",
      "                                                                                                  \n",
      " conv2d_1 (Conv2D)              (None, 30, 30, 64)   18496       ['conv2d[0][0]']                 \n",
      "                                                                                                  \n",
      " flatten (Flatten)              (None, 57600)        0           ['conv2d_1[0][0]']               \n",
      "                                                                                                  \n",
      " z_mean (Dense)                 (None, 4)            230404      ['flatten[0][0]']                \n",
      "                                                                                                  \n",
      " z_log_var (Dense)              (None, 4)            230404      ['flatten[0][0]']                \n",
      "                                                                                                  \n",
      " sampling (Sampling)            (None, 4)            0           ['z_mean[0][0]',                 \n",
      "                                                                  'z_log_var[0][0]']              \n",
      "                                                                                                  \n",
      "==================================================================================================\n",
      "Total params: 479,624\n",
      "Trainable params: 479,624\n",
      "Non-trainable params: 0\n",
      "__________________________________________________________________________________________________\n"
     ]
    },
    {
     "name": "stderr",
     "output_type": "stream",
     "text": [
      "2023-05-30 12:39:51.365991: I tensorflow/core/platform/cpu_feature_guard.cc:193] This TensorFlow binary is optimized with oneAPI Deep Neural Network Library (oneDNN) to use the following CPU instructions in performance-critical operations:  SSE4.1 SSE4.2\n",
      "To enable them in other operations, rebuild TensorFlow with the appropriate compiler flags.\n"
     ]
    }
   ],
   "source": [
    "encoder_inputs = keras.Input(shape=(numpart, numpart, 1))\n",
    "x = Conv2D(32, 3, padding='same', activation='relu')(encoder_inputs)\n",
    "#x = Conv2D(128, 3, padding='same', activation='relu')(x)\n",
    "x = Conv2D(64, 3, padding='same', activation='relu')(x)\n",
    "conv_shape = K.int_shape(x) #Shape of conv to be provided to decoder\n",
    "x = Flatten()(x) #Flatten\n",
    "\n",
    "\n",
    "z_mean = layers.Dense(latent_dim, name=\"z_mean\")(x)\n",
    "z_log_var = layers.Dense(latent_dim, name=\"z_log_var\")(x)\n",
    "z = Sampling()([z_mean, z_log_var])\n",
    "encoder = keras.Model(encoder_inputs, [z_mean, z_log_var, z], name=\"encoder\")\n",
    "encoder.summary()"
   ]
  },
  {
   "cell_type": "markdown",
   "id": "fcc3e390",
   "metadata": {},
   "source": [
    "### Decoder"
   ]
  },
  {
   "cell_type": "code",
   "execution_count": 13,
   "id": "c0907c43",
   "metadata": {},
   "outputs": [
    {
     "name": "stdout",
     "output_type": "stream",
     "text": [
      "Model: \"decoder\"\n",
      "_________________________________________________________________\n",
      " Layer (type)                Output Shape              Param #   \n",
      "=================================================================\n",
      " decoder_input (InputLayer)  [(None, 4)]               0         \n",
      "                                                                 \n",
      " dense (Dense)               (None, 57600)             288000    \n",
      "                                                                 \n",
      " reshape (Reshape)           (None, 30, 30, 64)        0         \n",
      "                                                                 \n",
      " conv2d_transpose (Conv2DTra  (None, 30, 30, 64)       36928     \n",
      " nspose)                                                         \n",
      "                                                                 \n",
      " conv2d_transpose_1 (Conv2DT  (None, 30, 30, 32)       18464     \n",
      " ranspose)                                                       \n",
      "                                                                 \n",
      " decoder_output (Conv2DTrans  (None, 30, 30, 1)        289       \n",
      " pose)                                                           \n",
      "                                                                 \n",
      "=================================================================\n",
      "Total params: 343,681\n",
      "Trainable params: 343,681\n",
      "Non-trainable params: 0\n",
      "_________________________________________________________________\n"
     ]
    }
   ],
   "source": [
    "decoder_input = Input(shape=(latent_dim, ), name='decoder_input')\n",
    "x = Dense(conv_shape[1]*conv_shape[2]*conv_shape[3], activation='relu')(decoder_input)\n",
    "x = Reshape((conv_shape[1], conv_shape[2], conv_shape[3]))(x)\n",
    "x = Conv2DTranspose(64, 3, padding='same', activation='relu')(x)\n",
    "#x = Conv2DTranspose(128, 3, padding='same', activation='relu')(x)\n",
    "x = Conv2DTranspose(32, 3, padding='same', activation='relu')(x)\n",
    "decoder_outputs = Conv2DTranspose(1, 3, padding='same', activation='sigmoid', name='decoder_output')(x)\n",
    "\n",
    "decoder = keras.Model(decoder_input, decoder_outputs, name='decoder')\n",
    "decoder.summary()"
   ]
  },
  {
   "cell_type": "markdown",
   "id": "8a3299e2",
   "metadata": {},
   "source": [
    "### VAE Class"
   ]
  },
  {
   "cell_type": "code",
   "execution_count": 14,
   "id": "5816189c",
   "metadata": {},
   "outputs": [],
   "source": [
    "class VAE(keras.Model):\n",
    "    def __init__(self, encoder, decoder, **kwargs):\n",
    "        super().__init__(**kwargs)\n",
    "        self.encoder = encoder\n",
    "        self.decoder = decoder\n",
    "        self.total_loss_tracker = keras.metrics.Mean(name=\"total_loss\")\n",
    "        self.reconstruction_loss_tracker = keras.metrics.Mean(\n",
    "            name=\"reconstruction_loss\"\n",
    "        )\n",
    "        self.kl_loss_tracker = keras.metrics.Mean(name=\"kl_loss\")\n",
    "\n",
    "    @property\n",
    "    def metrics(self):\n",
    "        return [\n",
    "            self.total_loss_tracker,\n",
    "            self.reconstruction_loss_tracker,\n",
    "            self.kl_loss_tracker,\n",
    "        ]\n",
    "\n",
    "    def train_step(self, data):\n",
    "        with tf.GradientTape() as tape:\n",
    "            z_mean, z_log_var, z = self.encoder(data)\n",
    "            reconstruction = self.decoder(z)\n",
    "            size = reconstruction.shape[1:]  # Extract dimensions excluding the first 'None' dimension\n",
    "            noise = np.random.normal(0, 0.1, size=size)\n",
    "            reconstruction = reconstruction + noise\n",
    "            \n",
    "            # Reshape data to match decoder output shape\n",
    "            data = tf.expand_dims(data, axis=-1)\n",
    "            \n",
    "            reconstruction_loss = tf.reduce_mean(\n",
    "                keras.losses.mean_squared_error(data, reconstruction)\n",
    "            )\n",
    "            kl_loss = -0.5 * (\n",
    "                1 + z_log_var - tf.square(z_mean) - tf.exp(z_log_var)\n",
    "            )\n",
    "            kl_loss = tf.reduce_mean(kl_loss)\n",
    "            total_loss = reconstruction_loss + reg_lambda * kl_loss\n",
    "        grads = tape.gradient(total_loss, self.trainable_weights)\n",
    "        self.optimizer.apply_gradients(zip(grads, self.trainable_weights))\n",
    "        self.total_loss_tracker.update_state(total_loss)\n",
    "        self.reconstruction_loss_tracker.update_state(reconstruction_loss)\n",
    "        self.kl_loss_tracker.update_state(kl_loss)\n",
    "        return {\n",
    "            \"loss\": self.total_loss_tracker.result(),\n",
    "            \"reconstruction_loss\": self.reconstruction_loss_tracker.result(),\n",
    "            \"kl_loss\": self.kl_loss_tracker.result(),\n",
    "        }"
   ]
  },
  {
   "cell_type": "markdown",
   "id": "77af32ab",
   "metadata": {},
   "source": [
    "### Train VAE"
   ]
  },
  {
   "cell_type": "code",
   "execution_count": 15,
   "id": "1f85776b",
   "metadata": {
    "scrolled": false
   },
   "outputs": [
    {
     "name": "stdout",
     "output_type": "stream",
     "text": [
      "Epoch 1/10\n",
      "63/63 - 28s - loss: 0.0185 - reconstruction_loss: 0.0169 - kl_loss: 1.6218 - 28s/epoch - 447ms/step\n",
      "Epoch 2/10\n",
      "63/63 - 28s - loss: 0.0054 - reconstruction_loss: 0.0050 - kl_loss: 0.4749 - 28s/epoch - 442ms/step\n",
      "Epoch 3/10\n",
      "63/63 - 29s - loss: 0.0049 - reconstruction_loss: 0.0046 - kl_loss: 0.3120 - 29s/epoch - 458ms/step\n",
      "Epoch 4/10\n",
      "63/63 - 33s - loss: 0.0046 - reconstruction_loss: 0.0045 - kl_loss: 0.1600 - 33s/epoch - 517ms/step\n",
      "Epoch 5/10\n",
      "63/63 - 33s - loss: 0.0045 - reconstruction_loss: 0.0045 - kl_loss: 0.0469 - 33s/epoch - 523ms/step\n",
      "Epoch 6/10\n",
      "63/63 - 35s - loss: 0.0044 - reconstruction_loss: 0.0044 - kl_loss: 0.0088 - 35s/epoch - 549ms/step\n",
      "Epoch 7/10\n",
      "63/63 - 34s - loss: 0.0044 - reconstruction_loss: 0.0044 - kl_loss: 0.0038 - 34s/epoch - 543ms/step\n",
      "Epoch 8/10\n",
      "63/63 - 34s - loss: 0.0044 - reconstruction_loss: 0.0044 - kl_loss: 0.0022 - 34s/epoch - 533ms/step\n",
      "Epoch 9/10\n",
      "63/63 - 35s - loss: 0.0044 - reconstruction_loss: 0.0044 - kl_loss: 0.0017 - 35s/epoch - 548ms/step\n",
      "Epoch 10/10\n",
      "63/63 - 33s - loss: 0.0044 - reconstruction_loss: 0.0044 - kl_loss: 0.0013 - 33s/epoch - 526ms/step\n"
     ]
    }
   ],
   "source": [
    "reg_lambda=0.001\n",
    "vae = VAE(encoder, decoder)\n",
    "vae.compile(optimizer=keras.optimizers.Adam(learning_rate=0.001)) #lower learning rate\n",
    "fit=vae.fit(trainset_mat, epochs=10, batch_size=128, verbose=2)"
   ]
  },
  {
   "cell_type": "code",
   "execution_count": 16,
   "id": "4fa509d5",
   "metadata": {},
   "outputs": [
    {
     "data": {
      "text/plain": [
       "<matplotlib.legend.Legend at 0x7f9d782ac2e0>"
      ]
     },
     "execution_count": 16,
     "metadata": {},
     "output_type": "execute_result"
    },
    {
     "data": {
