{
 "cells": [
  {
   "cell_type": "markdown",
   "id": "cb34c7a8",
   "metadata": {},
   "source": [
    "# SBANN\n",
    "## ~~Standard boring ass neural network~~\n",
    "## Size and Batch Adaptable Neural Network"
   ]
  },
  {
   "cell_type": "markdown",
   "id": "2121bf15",
   "metadata": {},
   "source": [
    "Import necessary packages"
   ]
  },
  {
   "cell_type": "code",
   "execution_count": 1,
   "id": "79f7cdff",
   "metadata": {},
   "outputs": [
    {
     "name": "stderr",
     "output_type": "stream",
     "text": [
      "2023-05-23 11:40:07.011127: I tensorflow/core/platform/cpu_feature_guard.cc:193] This TensorFlow binary is optimized with oneAPI Deep Neural Network Library (oneDNN) to use the following CPU instructions in performance-critical operations:  SSE4.1 SSE4.2\n",
      "To enable them in other operations, rebuild TensorFlow with the appropriate compiler flags.\n"
     ]
    }
   ],
   "source": [
    "import numpy as np\n",
    "import tensorflow as tf\n",
    "from tensorflow import keras\n",
    "from tensorflow.keras import layers\n",
    "import matplotlib.pyplot as plt\n",
    "import pandas as pd\n",
    "import seaborn as sns\n",
    "from scipy import linalg as la\n",
    "from scipy import spatial.distance.cdist as dist"
   ]
  },
  {
   "cell_type": "markdown",
   "id": "d142e12f",
   "metadata": {},
   "source": [
    "### Data"
   ]
  },
  {
   "cell_type": "markdown",
   "id": "728ed42a",
   "metadata": {},
   "source": [
    "Define core features of the dataset"
   ]
  },
  {
   "cell_type": "code",
   "execution_count": 2,
   "id": "04bdb140",
   "metadata": {},
   "outputs": [],
   "source": [
    "dim = 3\n",
    "numpart = 30\n",
    "latent_dim = 2"
   ]
  },
  {
   "cell_type": "markdown",
   "id": "a4ec27dc",
   "metadata": {},
   "source": [
    "Import and reshape data"
   ]
  },
  {
   "cell_type": "code",
   "execution_count": 3,
   "id": "f20664e3",
   "metadata": {},
   "outputs": [],
   "source": [
    "fname=\"/Users/lorenzobarbiero/Downloads/test_30_5_0.05_0.3_0.1_10000_1000_1000_x.txt\"\n",
    "#fname=\"/Users/lorenzobarbiero/Documents/GitHub/variational-autoencoders/mc-sampling/dump/test_30_5_0.3_0.1_100000_1000_1000_x.txt\"\n",
    "#fname = 'mc-sampling/good-runs/test_30_5_0.05_0.3_0.1_10000_1000_1000_x.txt'\n",
    "\n",
    "with open(fname) as f:\n",
    "    data = [\n",
    "        [float(i.strip()) for i in s.split(\" \") if i != \"\"]\n",
    "        for s in f.read().split(\"\\n\")\n",
    "        if s != \"\"]\n",
    "\n",
    "    \n",
    "labels = [row[-1] for row in data]\n",
    "\n",
    "#for row in data:\n",
    "#    del row[-1]"
   ]
  },
  {
   "cell_type": "code",
   "execution_count": 4,
   "id": "3be071e6",
   "metadata": {},
   "outputs": [
    {
     "name": "stdout",
     "output_type": "stream",
     "text": [
      "[3.336635, 3.919305, 2.734692, 2.592749, 4.251143, 1.946005, 2.569278, 3.558946, 1.099535, 1.667399, 3.546641, 1.910742, 3.946726, 3.046994, 3.533433, 3.616621, 4.690143, 2.065708, 2.188258, 2.073205, 3.390317, 2.870971, 1.58392, 1.38977, 0.881777, 3.249116, 2.602235, 3.601859, 3.606766, 1.670101, 3.70629, 2.790531, 2.431922, 1.024758, 2.594398, 1.747097, 3.518145, 2.076213, 3.334007, 1.493373, 1.851869, 2.595559, 2.699221, 3.27198, 2.19975, 3.862038, 1.674536, 2.120486, 2.676059, 2.141204, 2.371591, 4.356798, 3.745405, 2.542581, 4.051411, 2.062422, 1.172846, 1.13258, 2.598437, 3.509392, 2.092019, 2.509008, 1.536048, 1.824886, 2.864364, 2.783008, 4.619022, 2.99871, 1.713088, 2.896652, 2.9207, 3.160665, 2.252266, 3.891109, 2.91944, 1.303496, 3.737969, 3.581262, 3.164782, 2.567627, 1.428368, 2.143883, 3.1519, 3.877689, 3.152608, 2.577253, 4.17173, 3.995555, 3.055175, 0.792308]\n"
     ]
    }
   ],
   "source": [
    "print(data[1])"
   ]
  },
  {
   "cell_type": "code",
   "execution_count": 5,
   "id": "d468582e",
   "metadata": {},
   "outputs": [
    {
     "name": "stdout",
     "output_type": "stream",
     "text": [
      "(10000, 30, 3) [[0.667327  0.783861  0.5469384]\n",
      " [0.5185498 0.8502286 0.389201 ]\n",
      " [0.5138556 0.7117892 0.219907 ]\n",
      " [0.3334798 0.7093282 0.3821484]\n",
      " [0.7893452 0.6093988 0.7066866]\n",
      " [0.7233242 0.9380286 0.4131416]\n",
      " [0.4376516 0.414641  0.6780634]\n",
      " [0.5741942 0.316784  0.277954 ]\n",
      " [0.1763554 0.6498232 0.520447 ]\n",
      " [0.7203718 0.7213532 0.3340202]\n",
      " [0.741258  0.5581062 0.4863844]\n",
      " [0.2049516 0.5188796 0.3494194]\n",
      " [0.703629  0.4152426 0.6668014]\n",
      " [0.2986746 0.3703738 0.5191118]\n",
      " [0.5398442 0.654396  0.43995  ]\n",
      " [0.7724076 0.3349072 0.4240972]\n",
      " [0.5352118 0.4282408 0.4743182]\n",
      " [0.8713596 0.749081  0.5085162]\n",
      " [0.8102822 0.4124844 0.2345692]\n",
      " [0.226516  0.5196874 0.7018784]\n",
      " [0.4184038 0.5018016 0.3072096]\n",
      " [0.3649772 0.5728728 0.5566016]\n",
      " [0.9238044 0.599742  0.3426176]\n",
      " [0.5793304 0.58414   0.632133 ]\n",
      " [0.4504532 0.7782218 0.583888 ]\n",
      " [0.2606992 0.7475938 0.7162524]\n",
      " [0.6329564 0.5135254 0.2856736]\n",
      " [0.4287766 0.63038   0.7755378]\n",
      " [0.6305216 0.5154506 0.834346 ]\n",
      " [0.799111  0.611035  0.1584616]]\n"
     ]
    }
   ],
   "source": [
    "vcs = np.array(data).reshape((-1,numpart,dim))/5\n",
    "#vcs = np.array(data)\n",
    "print(vcs.shape,vcs[1])"
   ]
  },
  {
   "cell_type": "markdown",
   "id": "5346d99e",
   "metadata": {},
   "source": [
    "## Sorting data\n"
   ]
  },
  {
   "cell_type": "code",
   "execution_count": 6,
   "id": "04af7624",
   "metadata": {},
   "outputs": [],
   "source": [
    "sortmode = 3"
   ]
  },
  {
   "cell_type": "markdown",
   "id": "18346b46",
   "metadata": {},
   "source": [
    "### Option 1 - x sorted cartesian coords"
   ]
  },
  {
   "cell_type": "code",
   "execution_count": 7,
   "id": "37300988",
   "metadata": {},
   "outputs": [],
   "source": [
    "if sortmode == 1 :\n",
    "    idx = np.lexsort((vcs[:,:,1], vcs[:,:,2]))\n",
    "    \n",
    "    # Use the indices to sort each step while maintaining the rows intact\n",
    "    sorted_vcs = np.empty_like(vcs)\n",
    "    for i in range(len(vcs)):\n",
    "        sorted_vcs[i] = vcs[i][idx[i]]\n",
    "            \n",
    "    print(sorted_vcs.shape,\"\\n\",sorted_vcs[1])"
   ]
  },
  {
   "cell_type": "markdown",
   "id": "2eee2aca",
   "metadata": {},
   "source": [
    "### Option 2 - distance from origin sorted cartesian coords"
   ]
  },
  {
   "cell_type": "code",
   "execution_count": 8,
   "id": "7a6b04a0",
   "metadata": {},
   "outputs": [],
   "source": [
    "if sortmode == 2 :\n",
    "    def sort_by_distance_from_center(points):\n",
    "        #center = np.mean(points, axis=0)\n",
    "        distances = np.linalg.norm(points, axis=1)\n",
    "        sorted_indices = np.argsort(distances)\n",
    "        sorted_points = points[sorted_indices]\n",
    "        return sorted_points\n",
    "\n",
    "    for i in range (len(vcs)):\n",
    "        vcs[i,:,:] = sort_by_distance_from_center(vcs[i,:,:])\n",
    "    print(vcs.shape, vcs[1])"
   ]
  },
  {
   "cell_type": "markdown",
   "id": "2a86e182",
   "metadata": {},
   "source": [
    "### Option 3 - distance from center of mass"
   ]
  },
  {
   "cell_type": "code",
   "execution_count": 9,
   "id": "927ef8cd",
   "metadata": {},
   "outputs": [
    {
     "name": "stdout",
     "output_type": "stream",
     "text": [
      "(10000, 30, 3) [[-0.01507657  0.06368274 -0.04225917]\n",
      " [ 0.02440963 -0.00657326  0.14992383]\n",
      " [-0.01970897 -0.16247246 -0.00789097]\n",
      " [ 0.18633723 -0.03260706  0.00417523]\n",
      " [-0.18994357 -0.01784046  0.07439243]\n",
      " [ 0.07803563 -0.07718786 -0.19653557]\n",
      " [ 0.11240623  0.19314774  0.06472923]\n",
      " [-0.10446757  0.18750854  0.10167883]\n",
      " [-0.13651697 -0.08891166 -0.17499957]\n",
      " [ 0.16545103  0.13063994 -0.14818897]\n",
      " [-0.22144097  0.11861494 -0.10006077]\n",
      " [-0.03637097  0.25951534 -0.09300817]\n",
      " [-0.11726917 -0.17607226  0.19585423]\n",
      " [-0.04106517  0.12107594 -0.26230217]\n",
      " [ 0.14870823 -0.17547066  0.18459223]\n",
      " [-0.12614417  0.03966674  0.29332863]\n",
      " [ 0.23442443  0.01868554  0.22447743]\n",
      " [-0.25624617 -0.22033946  0.03690263]\n",
      " [ 0.21748683 -0.25580606 -0.05811197]\n",
      " [ 0.01927343 -0.27392926 -0.20425517]\n",
      " [ 0.31643883  0.15836774  0.02630703]\n",
      " [ 0.07560083 -0.07526266  0.35213683]\n",
      " [-0.34996917 -0.07183366 -0.13278977]\n",
      " [-0.37856537  0.05910994  0.03823783]\n",
      " [ 0.16840343  0.34731534 -0.06906757]\n",
      " [ 0.36888363  0.00902874 -0.13959157]\n",
      " [ 0.25536143 -0.17822886 -0.24763997]\n",
      " [-0.32840477 -0.07102586  0.21966923]\n",
      " [ 0.24419023  0.02032174 -0.32374757]\n",
      " [-0.29422157  0.15688054  0.23404323]]\n"
     ]
    }
   ],
   "source": [
    "if sortmode == 3 :\n",
    "    def sort_by_distance_from_center(points):\n",
    "        center = np.mean(points, axis=0)\n",
    "        distances = np.linalg.norm(points-center, axis=1)\n",
    "        sorted_indices = np.argsort(distances)\n",
    "        sorted_points = points[sorted_indices]\n",
    "        sorted_points = sorted_points\n",
    "        return sorted_points - center\n",
    "\n",
    "    for i in range (len(vcs)):\n",
    "        vcs[i,:,:] = sort_by_distance_from_center(vcs[i,:,:])\n",
    "    print(vcs.shape, vcs[1])"
   ]
  },
  {
   "cell_type": "markdown",
   "id": "bc4226f0",
   "metadata": {},
   "source": [
    "### Option 4 - Spherical coords"
   ]
  },
  {
   "cell_type": "code",
   "execution_count": 10,
   "id": "186089e2",
   "metadata": {},
   "outputs": [],
   "source": [
    "if sortmode == 4 :\n",
    "    def convert_to_spherical_coordinates(cartesian_coords):\n",
    "        x, y, z = cartesian_coords[:, 0], cartesian_coords[:, 1], cartesian_coords[:, 2]\n",
    "    \n",
    "        r = np.sqrt(x**2 + y**2 + z**2)\n",
    "        theta = np.arccos(z / r)\n",
    "        phi = np.arctan2(y, x)\n",
    "    \n",
    "        spherical_coords = np.column_stack((r, theta, phi))\n",
    "        return spherical_coords\n",
    "\n",
    "    for i in range(len(vcs)):\n",
    "        vcs[i,:,:] = convert_to_spherical_coordinates(vcs[i,:,:])"
   ]
  },
  {
   "cell_type": "markdown",
   "id": "ecc829a1",
   "metadata": {},
   "source": [
    "### Compute distance matrix"
   ]
  },
  {
   "cell_type": "code",
   "execution_count": 11,
   "id": "6d724534",
   "metadata": {},
   "outputs": [],
   "source": [
    "def Distmat(inputs):\n",
    "    \n",
    "    numpart, dim = inputs.shape[0], inputs.shape[1]\n",
    "\n",
    "    arrayd = []\n",
    "    \n",
    "    for i in range(inputs.shape[0]):\n",
    "        for j in range(inputs.shape[0]):\n",
    "            arrayd.append(np.linalg.norm(inputs[i,:]-inputs[j,:]))\n",
    "        \n",
    "    arrayd = np.array(arrayd)\n",
    "\n",
    "    return arrayd"
   ]
  },
  {
   "cell_type": "markdown",
   "id": "6a51e325",
   "metadata": {},
   "source": [
    "### Reshape and train/test split"
   ]
  },
  {
   "cell_type": "code",
   "execution_count": 12,
   "id": "1e912918",
   "metadata": {},
   "outputs": [
    {
     "name": "stdout",
     "output_type": "stream",
     "text": [
      "(10000, 900) \n",
      " [0.         0.20839715 0.22879862 0.22802499 0.22545974 0.22872607\n",
      " 0.21085438 0.20986121 0.23590853 0.21976033 0.2212348  0.20341907\n",
      " 0.35302093 0.22888492 0.36807794 0.35430488 0.36799988 0.38091728\n",
      " 0.39548722 0.37603788 0.35152387 0.4278743  0.37244266 0.3723235\n",
      " 0.33886731 0.39985759 0.41694029 0.43003192 0.38514305 0.40367162\n",
      " 0.20839715 0.         0.22617808 0.21941048 0.22755051 0.3576259\n",
      " 0.23428615 0.23791733 0.37182281 0.35719936 0.37229948 0.36539483\n",
      " 0.22563775 0.43647628 0.21255204 0.21300122 0.2242821  0.37045574\n",
      " 0.37772303 0.44378866 0.35744608 0.21961072 0.47365112 0.42329292\n",
      " 0.44037324 0.45024985 0.49077628 0.36537181 0.52286848 0.36785739\n",
      " 0.22879862 0.22617808 0.         0.2438558  0.23805208 0.2289416\n",
      " 0.38625619 0.37639907 0.21675005 0.37400887 0.35805195 0.43080885\n",
      " 0.22630743 0.38155057 0.25609195 0.3780502  0.38909778 0.24759827\n",
      " 0.2597983  0.22913128 0.46594343 0.38250428 0.36453656 0.42426942\n",
      " 0.54682031 0.4447043  0.36522811 0.39425781 0.45035752 0.48567032\n",
      " 0.22802499 0.21941048 0.2438558  0.         0.38306102 0.23238225\n",
      " 0.24514855 0.37752518 0.37350857 0.2242781  0.44723182 0.37997244\n",
      " 0.38665223 0.3825448  0.23318714 0.43183077 0.23124958 0.48186575\n",
      " 0.23381143 0.35998604 0.23213707 0.36764021 0.55490782 0.57331249\n",
      " 0.3873334  0.23606275 0.29896646 0.55935051 0.3371673  0.56540393\n",
      " 0.22545974 0.22755051 0.23805208 0.38306102 0.         0.38566429\n",
      " 0.3688154  0.22409575 0.26476761 0.44485304 0.22370982 0.35851603\n",
      " 0.21230129 0.39347909 0.38945644 0.23518185 0.45160586 0.2163501\n",
      " 0.49008629 0.43243232 0.53831652 0.38852682 0.26729744 0.20689781\n",
      " 0.53134932 0.59899829 0.57247345 0.20761874 0.59029143 0.25863044\n",
      " 0.22872607 0.3576259  0.2289416  0.23238225 0.38566429 0.\n",
      " 0.37752082 0.43852415 0.21594922 0.2305889  0.37058381 0.37037257\n",
      " 0.44932376 0.24045536 0.39989064 0.54342554 0.45923971 0.43212278\n",
      " 0.26554132 0.20547449 0.40246907 0.54868118 0.43275894 0.53120628\n",
      " 0.45234655 0.30865593 0.2103934  0.58177161 0.23086439 0.61543606\n",
      " 0.21085438 0.23428615 0.38625619 0.24514855 0.3688154  0.37752082\n",
      " 0.         0.22007117 0.44608313 0.22815595 0.37969045 0.22676067\n",
      " 0.45416733 0.36837121 0.38931285 0.36430811 0.26616722 0.55466258\n",
      " 0.47717021 0.54698012 0.21051179 0.39497077 0.5683484  0.50962833\n",
      " 0.21167172 0.37606841 0.50589652 0.53675733 0.44514051 0.44196008\n",
      " 0.20986121 0.23791733 0.37639907 0.37752518 0.22409575 0.43852415\n",
      " 0.22007117 0.         0.39241079 0.37218813 0.24316244 0.21846088\n",
      " 0.37579767 0.3753869  0.45025162 0.24301588 0.39803076 0.43996897\n",
      " 0.57071496 0.56730264 0.42859339 0.40521913 0.42720597 0.30925809\n",
      " 0.35937603 0.56047105 0.62069669 0.36181437 0.57489243 0.23337735\n",
      " 0.23590853 0.37182281 0.21675005 0.37350857 0.26476761 0.21594922\n",
      " 0.44608313 0.39241079 0.         0.37430788 0.23642166 0.37168964\n",
      " 0.38144461 0.24663248 0.46706759 0.48576878 0.55565867 0.27660602\n",
      " 0.40845458 0.24363508 0.55393177 0.56837755 0.21825482 0.35491972\n",
      " 0.5426712  0.5160192  0.40843956 0.43920871 0.42307904 0.50259383\n",
      " 0.21976033 0.35719936 0.37400887 0.2242781  0.44485304 0.2305889\n",
      " 0.22815595 0.37218813 0.37430788 0.         0.39005941 0.24573545\n",
      " 0.54071139 0.23614028 0.45246806 0.53688143 0.39518523 0.57902847\n",
      " 0.40020258 0.43380589 0.23241127 0.54844767 0.55397714 0.57950439\n",
      " 0.23068841 0.23716665 0.33671103 0.64798326 0.22178997 0.59840532\n",
      " 0.2212348  0.37229948 0.35805195 0.44723182 0.22370982 0.37058381\n",
      " 0.37969045 0.24316244 0.23642166 0.39005941 0.         0.23270919\n",
      " 0.43041607 0.24261854 0.55183702 0.41239486 0.56844014 0.36723352\n",
      " 0.57845346 0.47211317 0.55395287 0.57472169 0.23208049 0.21761302\n",
      " 0.45303764 0.60171002 0.58072058 0.38682316 0.52584195 0.34407376\n",
      " 0.20341907 0.36539483 0.43080885 0.37997244 0.35851603 0.37037257\n",
      " 0.22676067 0.21846088 0.37168964 0.24573545 0.23270919 0.\n",
      " 0.52888804 0.21874177 0.54820536 0.45348512 0.48179482 0.54358307\n",
      " 0.57551514 0.54775481 0.38592967 0.5681268  0.4579504  0.41771383\n",
      " 0.22408603 0.47869076 0.54830536 0.54065551 0.43493544 0.42893292\n",
      " 0.35302093 0.22563775 0.22630743 0.38665223 0.21230129 0.44932376\n",
      " 0.45416733 0.37579767 0.38144461 0.54071139 0.43041607 0.52888804\n",
      " 0.         0.55137228 0.2662164  0.23690365 0.40303632 0.21573086\n",
      " 0.42768901 0.43394401 0.57332277 0.26792847 0.41595896 0.38526523\n",
      " 0.65247757 0.61897561 0.57926274 0.23702351 0.66272885 0.37898301\n",
      " 0.22888492 0.43647628 0.38155057 0.3825448  0.39347909 0.24045536\n",
      " 0.36837121 0.3753869  0.24663248 0.23614028 0.24261854 0.21874177\n",
      " 0.55137228 0.         0.56891865 0.56797137 0.56862351 0.50238516\n",
      " 0.50058248 0.40378126 0.46097186 0.65551132 0.38653494 0.45614741\n",
      " 0.36386944 0.44234657 0.42150572 0.5930966  0.30870308 0.55832687\n",
      " 0.36807794 0.21255204 0.25609195 0.23318714 0.38945644 0.39989064\n",
      " 0.38931285 0.45025162 0.46706759 0.45246806 0.55183702 0.54820536\n",
      " 0.2662164  0.56891865 0.         0.36558384 0.21595075 0.43337454\n",
      " 0.26474441 0.42148519 0.40575342 0.20846469 0.60012591 0.59536973\n",
      " 0.58140898 0.43314244 0.44520466 0.4896692  0.55304686 0.55595821\n",
      " 0.35430488 0.21300122 0.3780502  0.43183077 0.23518185 0.54342554\n",
      " 0.36430811 0.24301588 0.48576878 0.53688143 0.41239486 0.45348512\n",
      " 0.23690365 0.56797137 0.36558384 0.         0.36768249 0.38766487\n",
      " 0.57349537 0.60586993 0.53034911 0.23951663 0.49407172 0.35939646\n",
      " 0.55922889 0.65833966 0.69690174 0.24204939 0.71993391 0.2133163\n",
      " 0.36799988 0.2242821  0.38909778 0.23124958 0.45160586 0.45923971\n",
      " 0.26616722 0.39803076 0.55565867 0.39518523 0.56844014 0.48179482\n",
      " 0.40303632 0.56862351 0.21595075 0.36768249 0.         0.57712641\n",
      " 0.3943213  0.56189413 0.25594723 0.22438387 0.69090481 0.64193132\n",
      " 0.44556143 0.38822515 0.51196531 0.56995435 0.54831442 0.54649424\n",
      " 0.38091728 0.37045574 0.24759827 0.48186575 0.2163501  0.43212278\n",
      " 0.55466258 0.43996897 0.27660602 0.57902847 0.36723352 0.54358307\n",
      " 0.21573086 0.50238516 0.43337454 0.38766487 0.57712641 0.\n",
      " 0.48446735 0.37005405 0.68665823 0.48014822 0.24419968 0.30505038\n",
      " 0.71679072 0.68887389 0.5869243  0.24678947 0.66213516 0.42731894\n",
      " 0.39548722 0.37772303 0.2597983  0.23381143 0.49008629 0.26554132\n",
      " 0.47717021 0.57071496 0.40845458 0.40020258 0.57845346 0.57551514\n",
      " 0.42768901 0.50058248 0.26474441 0.57349537 0.3943213  0.48446735\n",
      " 0.         0.24693083 0.4341175  0.47014002 0.6011896  0.68097988\n",
      " 0.60521453 0.31574893 0.20826322 0.63976852 0.3840858  0.71938194\n",
      " 0.37603788 0.44378866 0.22913128 0.35998604 0.43243232 0.20547449\n",
      " 0.54698012 0.56730264 0.24363508 0.43380589 0.47211317 0.54775481\n",
      " 0.43394401 0.40378126 0.42148519 0.60586993 0.56189413 0.37005405\n",
      " 0.24693083 0.         0.57301562 0.59347557 0.42695437 0.57270732\n",
      " 0.65303928 0.454394   0.25841508 0.58460398 0.38916533 0.68991426\n",
      " 0.35152387 0.35744608 0.46594343 0.23213707 0.53831652 0.40246907\n",
      " 0.21051179 0.42859339 0.55393177 0.23241127 0.55395287 0.38592967\n",
      " 0.57332277 0.46097186 0.40575342 0.53034911 0.25594723 0.68665823\n",
      " 0.4341175  0.57301562 0.         0.46770842 0.72277528 0.7021576\n",
      " 0.25828664 0.22929226 0.43826325 0.71121982 0.38316417 0.6450292\n",
      " 0.4278743  0.21961072 0.38250428 0.36764021 0.38852682 0.54868118\n",
      " 0.39497077 0.40521913 0.56837755 0.54844767 0.57472169 0.5681268\n",
      " 0.26792847 0.65551132 0.20846469 0.23951663 0.22438387 0.48014822\n",
      " 0.47014002 0.59347557 0.46770842 0.         0.64519407 0.56820376\n",
      " 0.60381921 0.57871985 0.6345456  0.42518953 0.70312053 0.45233303\n",
      " 0.37244266 0.47365112 0.36453656 0.55490782 0.26729744 0.43275894\n",
      " 0.5683484  0.42720597 0.21825482 0.55397714 0.23208049 0.4579504\n",
      " 0.41595896 0.38653494 0.60012591 0.49407172 0.69090481 0.24419968\n",
      " 0.6011896  0.42695437 0.72277528 0.64519407 0.         0.21728877\n",
      " 0.66966899 0.72341851 0.62524846 0.35311899 0.63085885 0.43587203\n",
      " 0.3723235  0.42329292 0.42426942 0.57331249 0.20689781 0.53120628\n",
      " 0.50962833 0.30925809 0.35491972 0.57950439 0.21761302 0.41771383\n",
      " 0.38526523 0.45614741 0.59536973 0.35939646 0.64193132 0.30505038\n",
      " 0.68097988 0.57270732 0.7021576  0.56820376 0.21728877 0.\n",
      " 0.62749635 0.76994248 0.73479181 0.22884223 0.72136155 0.23454791\n",
      " 0.33886731 0.44037324 0.54682031 0.3873334  0.53134932 0.45234655\n",
      " 0.21167172 0.35937603 0.5426712  0.23068841 0.45303764 0.22408603\n",
      " 0.65247757 0.36386944 0.58140898 0.55922889 0.44556143 0.71679072\n",
      " 0.60521453 0.65303928 0.25828664 0.60381921 0.66966899 0.62749635\n",
      " 0.         0.3995044  0.56182426 0.7107719  0.42134351 0.5849474\n",
      " 0.39985759 0.45024985 0.4447043  0.23606275 0.59899829 0.30865593\n",
      " 0.37606841 0.56047105 0.5160192  0.23716665 0.60171002 0.47869076\n",
      " 0.61897561 0.44234657 0.43314244 0.65833966 0.38822515 0.68887389\n",
      " 0.31574893 0.454394   0.22929226 0.57871985 0.72341851 0.76994248\n",
      " 0.3995044  0.         0.24418672 0.78847205 0.22268679 0.77535258\n",
      " 0.41694029 0.49077628 0.36522811 0.29896646 0.57247345 0.2103934\n",
      " 0.50589652 0.62069669 0.40843956 0.33671103 0.58072058 0.54830536\n",
      " 0.57926274 0.42150572 0.44520466 0.69690174 0.51196531 0.5869243\n",
      " 0.20826322 0.25841508 0.43826325 0.6345456  0.62524846 0.73479181\n",
      " 0.56182426 0.24418672 0.         0.75541601 0.21293075 0.80396423\n",
      " 0.43003192 0.36537181 0.39425781 0.55935051 0.20761874 0.58177161\n",
      " 0.53675733 0.36181437 0.43920871 0.64798326 0.38682316 0.54065551\n",
      " 0.23702351 0.5930966  0.4896692  0.24204939 0.56995435 0.24678947\n",
      " 0.63976852 0.58460398 0.71121982 0.42518953 0.35311899 0.22884223\n",
      " 0.7107719  0.78847205 0.75541601 0.         0.79467681 0.23090351\n",
      " 0.38514305 0.52286848 0.45035752 0.3371673  0.59029143 0.23086439\n",
      " 0.44514051 0.57489243 0.42307904 0.22178997 0.52584195 0.43493544\n",
      " 0.66272885 0.30870308 0.55304686 0.71993391 0.54831442 0.66213516\n",
      " 0.3840858  0.38916533 0.38316417 0.70312053 0.63085885 0.72136155\n",
      " 0.42134351 0.22268679 0.21293075 0.79467681 0.         0.78718876\n",
      " 0.40367162 0.36785739 0.48567032 0.56540393 0.25863044 0.61543606\n",
      " 0.44196008 0.23337735 0.50259383 0.59840532 0.34407376 0.42893292\n",
      " 0.37898301 0.55832687 0.55595821 0.2133163  0.54649424 0.42731894\n",
      " 0.71938194 0.68991426 0.6450292  0.45233303 0.43587203 0.23454791\n",
      " 0.5849474  0.77535258 0.80396423 0.23090351 0.78718876 0.        ]\n"
     ]
    }
   ],
   "source": [
    "#vcs = vcs.reshape((-1,90))\n",
    "dm=np.zeros((len(vcs),numpart**2))\n",
    "\n",
    "for i in range(len(vcs)):\n",
    "    dm[i,:]=Distmat(vcs[i,:,:])\n",
    "\n",
    "    \n",
    "print(dm.shape,\"\\n\",dm[1])"
   ]
  },
  {
   "cell_type": "markdown",
   "id": "dc556d3b",
   "metadata": {},
   "source": [
    "Split in training and test set"
   ]
  },
  {
   "cell_type": "code",
   "execution_count": 13,
   "id": "7e97d525",
   "metadata": {},
   "outputs": [
    {
     "name": "stdout",
     "output_type": "stream",
     "text": [
      "(8000, 30, 3)\n",
      "(2000, 30, 3)\n",
      "(8000, 900)\n",
      "(2000, 900)\n"
     ]
    }
   ],
   "source": [
    "train_perc=0.8\n",
    "\n",
    "trainset_conf = vcs[:int(train_perc*len(dm))]\n",
    "print(trainset_conf.shape)\n",
    "testset_conf = vcs[int(train_perc*len(dm)):]\n",
    "print(testset_conf.shape)\n",
    "\n",
    "trainset_mat = dm[:int(train_perc*len(dm))]\n",
    "print(trainset_mat.shape)\n",
    "testset_mat = dm[int(train_perc*len(dm)):]\n",
    "print(testset_mat.shape)"
   ]
  },
  {
   "cell_type": "markdown",
   "id": "5a611a5b",
   "metadata": {},
   "source": [
    "### Sampling class"
   ]
  },
  {
   "cell_type": "code",
   "execution_count": 14,
   "id": "1f699c38",
   "metadata": {},
   "outputs": [],
   "source": [
    "class Sampling(layers.Layer):\n",
    "    \"\"\"Uses (z_mean, z_log_var) to sample z, the vector encoding a digit.\"\"\"\n",
    "\n",
    "    def call(self, inputs):\n",
    "        z_mean, z_log_var = inputs\n",
    "        batch = tf.shape(z_mean)[0]\n",
    "        dim = tf.shape(z_mean)[1]\n",
    "        epsilon = tf.keras.backend.random_normal(shape=(batch, dim))\n",
    "        return z_mean + tf.exp(0.5 * z_log_var) * epsilon"
   ]
  },
  {
   "cell_type": "code",
   "execution_count": 15,
   "id": "c8aec76f",
   "metadata": {},
   "outputs": [],
   "source": [
    "class DistanceMatrixLayer(layers.Layer):\n",
    "    def __init__(self):\n",
    "        super(DistanceMatrixLayer, self).__init__()\n",
    "\n",
    "    def call(self, inputs):\n",
    "        numpart, dim = inputs.shape[0], inputs.shape[1]\n",
    "\n",
    "        arrayd = []\n",
    "        \n",
    "        for i, data in enumerate(inputs):\n",
    "            for j, data in enumerate(inputs):\n",
    "                arrayd[j+i*inputs.shape[0]] = np.linalg.norm(data[i]-data[j])\n",
    "        \n",
    "        arrayd = np.array(arrayd)\n",
    "\n",
    "        return arrayd"
   ]
  },
  {
   "cell_type": "code",
   "execution_count": 16,
   "id": "5d8812e7",
   "metadata": {},
   "outputs": [],
   "source": [
    "class DistanceMatrixLayer(layers.Layer):\n",
    "    def __init__(self):\n",
    "        super(DistanceMatrixLayer, self).__init__()\n",
    "\n",
    "    def call(self, inputs):\n",
    "        numpart, dim = inputs.shape[1], inputs.shape[2]\n",
    "\n",
    "        # Compute pairwise distances\n",
    "        expanded_inputs = tf.expand_dims(inputs, axis=1)\n",
    "        expanded_inputs_transpose = tf.transpose(expanded_inputs, perm=[0, 2, 1, 3])\n",
    "        pairwise_distances = tf.norm(expanded_inputs - expanded_inputs_transpose, axis=-1)\n",
    "\n",
    "        # Normalize distances\n",
    "        #normalized_distances = pairwise_distances / (numpart * dim)\n",
    "\n",
    "        return tf.keras.layers.Flatten()(pairwise_distances)"
   ]
  },
  {
   "cell_type": "markdown",
   "id": "0e55e13e",
   "metadata": {},
   "source": [
    "### Encoder"
   ]
  },
  {
   "cell_type": "code",
   "execution_count": 17,
   "id": "67faee0e",
   "metadata": {
    "scrolled": false
   },
   "outputs": [
    {
     "name": "stdout",
     "output_type": "stream",
     "text": [
      "Model: \"encoder\"\n",
      "__________________________________________________________________________________________________\n",
      " Layer (type)                   Output Shape         Param #     Connected to                     \n",
      "==================================================================================================\n",
      " input_1 (InputLayer)           [(None, 900)]        0           []                               \n",
      "                                                                                                  \n",
      " dense (Dense)                  (None, 720)          648720      ['input_1[0][0]']                \n",
      "                                                                                                  \n",
      " dense_1 (Dense)                (None, 540)          389340      ['dense[0][0]']                  \n",
      "                                                                                                  \n",
      " dense_2 (Dense)                (None, 360)          194760      ['dense_1[0][0]']                \n",
      "                                                                                                  \n",
      " dense_3 (Dense)                (None, 180)          64980       ['dense_2[0][0]']                \n",
      "                                                                                                  \n",
      " z_mean (Dense)                 (None, 2)            362         ['dense_3[0][0]']                \n",
      "                                                                                                  \n",
      " z_log_var (Dense)              (None, 2)            362         ['dense_3[0][0]']                \n",
      "                                                                                                  \n",
      " sampling (Sampling)            (None, 2)            0           ['z_mean[0][0]',                 \n",
      "                                                                  'z_log_var[0][0]']              \n",
      "                                                                                                  \n",
      "==================================================================================================\n",
      "Total params: 1,298,524\n",
      "Trainable params: 1,298,524\n",
      "Non-trainable params: 0\n",
      "__________________________________________________________________________________________________\n"
     ]
    },
    {
     "name": "stderr",
     "output_type": "stream",
     "text": [
      "2023-05-23 11:40:39.574360: I tensorflow/core/platform/cpu_feature_guard.cc:193] This TensorFlow binary is optimized with oneAPI Deep Neural Network Library (oneDNN) to use the following CPU instructions in performance-critical operations:  SSE4.1 SSE4.2\n",
      "To enable them in other operations, rebuild TensorFlow with the appropriate compiler flags.\n"
     ]
    }
   ],
   "source": [
    "input_shape = (numpart**2)\n",
    "inputs = layers.Input(shape=input_shape)\n",
    "x = layers.Dense(int(numpart**2 *4/5), activation='relu')(inputs)\n",
    "x = layers.Dense(int(numpart**2 *3/5), activation='relu')(x)\n",
    "x = layers.Dense(int(numpart**2 *2/5), activation='relu')(x)\n",
    "x = layers.Dense(int(numpart**2 *1/5), activation='relu')(x)\n",
    "z_mean = layers.Dense(latent_dim, name='z_mean')(x)\n",
    "z_log_var = layers.Dense(latent_dim, name='z_log_var')(x)\n",
    "z = Sampling()([z_mean, z_log_var])\n",
    "encoder = keras.Model(inputs, [z_mean, z_log_var, z], name=\"encoder\")\n",
    "encoder.summary()"
   ]
  },
  {
   "cell_type": "markdown",
   "id": "fcc3e390",
   "metadata": {},
   "source": [
    "### Decoder"
   ]
  },
  {
   "cell_type": "code",
   "execution_count": 18,
   "id": "c0907c43",
   "metadata": {},
   "outputs": [
    {
     "name": "stdout",
     "output_type": "stream",
     "text": [
      "Model: \"decoder\"\n",
      "_________________________________________________________________\n",
      " Layer (type)                Output Shape              Param #   \n",
      "=================================================================\n",
      " input_2 (InputLayer)        [(None, 2)]               0         \n",
      "                                                                 \n",
      " dense_4 (Dense)             (None, 180)               540       \n",
      "                                                                 \n",
      " dense_5 (Dense)             (None, 360)               65160     \n",
      "                                                                 \n",
      " dense_6 (Dense)             (None, 540)               194940    \n",
      "                                                                 \n",
      " dense_7 (Dense)             (None, 720)               389520    \n",
      "                                                                 \n",
      " dense_8 (Dense)             (None, 900)               648900    \n",
      "                                                                 \n",
      "=================================================================\n",
      "Total params: 1,299,060\n",
      "Trainable params: 1,299,060\n",
      "Non-trainable params: 0\n",
      "_________________________________________________________________\n"
     ]
    }
   ],
   "source": [
    "latent_inputs = keras.Input(shape=(latent_dim,))\n",
    "x = layers.Dense(int(numpart**2 *1/5), activation=\"relu\")(latent_inputs)\n",
    "x = layers.Dense(int(numpart**2 *2/5), activation=\"relu\")(x)\n",
    "x = layers.Dense(int(numpart**2 *3/5), activation=\"relu\")(x)\n",
    "x = layers.Dense(int(numpart**2 *4/5), activation=\"relu\")(x)\n",
    "decoder_outputs = layers.Dense(numpart**2)(x)\n",
    "decoder = keras.Model(latent_inputs, decoder_outputs, name=\"decoder\")\n",
    "decoder.summary()"
   ]
  },
  {
   "cell_type": "markdown",
   "id": "8a3299e2",
   "metadata": {},
   "source": [
    "### VAE Class"
   ]
  },
  {
   "cell_type": "code",
   "execution_count": 19,
   "id": "5816189c",
   "metadata": {},
   "outputs": [],
   "source": [
    "class VAE(keras.Model):\n",
    "    def __init__(self, encoder, decoder, **kwargs):\n",
    "        super().__init__(**kwargs)\n",
    "        self.encoder = encoder\n",
    "        self.decoder = decoder\n",
    "        self.total_loss_tracker = keras.metrics.Mean(name=\"total_loss\")\n",
    "        self.reconstruction_loss_tracker = keras.metrics.Mean(\n",
    "            name=\"reconstruction_loss\"\n",
    "        )\n",
    "        self.kl_loss_tracker = keras.metrics.Mean(name=\"kl_loss\")\n",
    "\n",
    "    @property\n",
    "    def metrics(self):\n",
    "        return [\n",
    "            self.total_loss_tracker,\n",
    "            self.reconstruction_loss_tracker,\n",
    "            self.kl_loss_tracker,\n",
    "        ]\n",
    "\n",
    "    def train_step(self, data):\n",
    "        with tf.GradientTape() as tape:\n",
    "            z_mean, z_log_var, z = self.encoder(data)\n",
    "            reconstruction = self.decoder(z)\n",
    "            reconstruction_loss = tf.reduce_mean(\n",
    "                keras.losses.mean_squared_error(data, reconstruction)\n",
    "            )\n",
    "            kl_loss = -0.5 * (\n",
    "                1 + z_log_var - tf.square(z_mean) - tf.exp(z_log_var)\n",
    "            )\n",
    "            kl_loss = tf.reduce_mean(kl_loss)\n",
    "            total_loss = reconstruction_loss + reg_lambda * kl_loss\n",
    "        grads = tape.gradient(total_loss, self.trainable_weights)\n",
    "        self.optimizer.apply_gradients(zip(grads, self.trainable_weights))\n",
    "        self.total_loss_tracker.update_state(total_loss)\n",
    "        self.reconstruction_loss_tracker.update_state(reconstruction_loss)\n",
    "        self.kl_loss_tracker.update_state(kl_loss)\n",
    "        return {\n",
    "            \"loss\": self.total_loss_tracker.result(),\n",
    "            \"reconstruction_loss\": self.reconstruction_loss_tracker.result(),\n",
    "            \"kl_loss\": self.kl_loss_tracker.result(),\n",
    "        }"
   ]
  },
  {
   "cell_type": "markdown",
   "id": "77af32ab",
   "metadata": {},
   "source": [
    "### Train VAE"
   ]
  },
  {
   "cell_type": "code",
   "execution_count": 20,
   "id": "1f85776b",
   "metadata": {
    "scrolled": true
   },
   "outputs": [
    {
     "name": "stdout",
     "output_type": "stream",
     "text": [
      "Epoch 1/20\n",
      "63/63 - 2s - loss: 0.0855 - reconstruction_loss: 0.0803 - kl_loss: 5.1254 - 2s/epoch - 26ms/step\n",
      "Epoch 2/20\n",
      "63/63 - 1s - loss: 0.0204 - reconstruction_loss: 0.0180 - kl_loss: 2.4097 - 1s/epoch - 18ms/step\n",
      "Epoch 3/20\n",
      "63/63 - 1s - loss: 0.0197 - reconstruction_loss: 0.0178 - kl_loss: 1.8857 - 1s/epoch - 18ms/step\n",
      "Epoch 4/20\n",
      "63/63 - 1s - loss: 0.0195 - reconstruction_loss: 0.0177 - kl_loss: 1.7505 - 1s/epoch - 18ms/step\n",
      "Epoch 5/20\n",
      "63/63 - 1s - loss: 0.0194 - reconstruction_loss: 0.0177 - kl_loss: 1.6742 - 1s/epoch - 19ms/step\n",
      "Epoch 6/20\n",
      "63/63 - 1s - loss: 0.0193 - reconstruction_loss: 0.0177 - kl_loss: 1.6283 - 1s/epoch - 21ms/step\n",
      "Epoch 7/20\n",
      "63/63 - 1s - loss: 0.0193 - reconstruction_loss: 0.0177 - kl_loss: 1.5976 - 1s/epoch - 20ms/step\n",
      "Epoch 8/20\n",
      "63/63 - 1s - loss: 0.0192 - reconstruction_loss: 0.0177 - kl_loss: 1.5664 - 1s/epoch - 18ms/step\n",
      "Epoch 9/20\n",
      "63/63 - 1s - loss: 0.0192 - reconstruction_loss: 0.0177 - kl_loss: 1.5339 - 1s/epoch - 18ms/step\n",
      "Epoch 10/20\n",
      "63/63 - 1s - loss: 0.0192 - reconstruction_loss: 0.0177 - kl_loss: 1.5224 - 1s/epoch - 18ms/step\n",
      "Epoch 11/20\n",
      "63/63 - 1s - loss: 0.0192 - reconstruction_loss: 0.0177 - kl_loss: 1.4945 - 1s/epoch - 18ms/step\n",
      "Epoch 12/20\n",
      "63/63 - 1s - loss: 0.0191 - reconstruction_loss: 0.0177 - kl_loss: 1.4702 - 1s/epoch - 19ms/step\n",
      "Epoch 13/20\n",
      "63/63 - 1s - loss: 0.0191 - reconstruction_loss: 0.0176 - kl_loss: 1.4584 - 1s/epoch - 19ms/step\n",
      "Epoch 14/20\n",
      "63/63 - 1s - loss: 0.0191 - reconstruction_loss: 0.0177 - kl_loss: 1.4521 - 1s/epoch - 19ms/step\n",
      "Epoch 15/20\n",
      "63/63 - 1s - loss: 0.0191 - reconstruction_loss: 0.0176 - kl_loss: 1.4290 - 1s/epoch - 18ms/step\n",
      "Epoch 16/20\n",
      "63/63 - 1s - loss: 0.0191 - reconstruction_loss: 0.0176 - kl_loss: 1.4211 - 1s/epoch - 18ms/step\n",
      "Epoch 17/20\n",
      "63/63 - 1s - loss: 0.0191 - reconstruction_loss: 0.0177 - kl_loss: 1.3950 - 1s/epoch - 18ms/step\n",
      "Epoch 18/20\n",
      "63/63 - 1s - loss: 0.0190 - reconstruction_loss: 0.0177 - kl_loss: 1.3912 - 1s/epoch - 18ms/step\n",
      "Epoch 19/20\n",
      "63/63 - 1s - loss: 0.0190 - reconstruction_loss: 0.0177 - kl_loss: 1.3778 - 1s/epoch - 19ms/step\n",
      "Epoch 20/20\n",
      "63/63 - 1s - loss: 0.0190 - reconstruction_loss: 0.0176 - kl_loss: 1.3645 - 1s/epoch - 20ms/step\n"
     ]
    }
   ],
   "source": [
    "reg_lambda=0.001\n",
    "vae = VAE(encoder, decoder)\n",
    "vae.compile(optimizer=keras.optimizers.Adam(learning_rate=0.0001)) #lower learning rate\n",
    "fit=vae.fit(trainset_mat, epochs=20, batch_size=128, verbose=2)"
   ]
  },
  {
   "cell_type": "code",
   "execution_count": 21,
   "id": "4fa509d5",
   "metadata": {},
   "outputs": [
    {
     "data": {
      "text/plain": [
       "<matplotlib.legend.Legend at 0x7fe042baef20>"
      ]
     },
     "execution_count": 21,
     "metadata": {},
     "output_type": "execute_result"
    },
    {
     "data": {
