{
 "cells": [
  {
   "cell_type": "markdown",
   "id": "97065bc8",
   "metadata": {},
   "source": [
    "# CPA\n",
    "## Cursed Parallel Abomination\n",
    "## Concurrently  Architecture"
   ]
  },
  {
   "cell_type": "code",
   "execution_count": 1,
   "id": "79316e00",
   "metadata": {},
   "outputs": [
    {
     "name": "stderr",
     "output_type": "stream",
     "text": [
      "2023-05-18 09:18:10.575260: I tensorflow/core/platform/cpu_feature_guard.cc:193] This TensorFlow binary is optimized with oneAPI Deep Neural Network Library (oneDNN) to use the following CPU instructions in performance-critical operations:  SSE4.1 SSE4.2\n",
      "To enable them in other operations, rebuild TensorFlow with the appropriate compiler flags.\n"
     ]
    }
   ],
   "source": [
    "import numpy as np\n",
    "import tensorflow as tf\n",
    "from tensorflow import keras\n",
    "from tensorflow.keras import layers\n",
    "import matplotlib.pyplot as plt\n",
    "import pandas as pd\n",
    "import seaborn as sns\n",
    "from scipy.spatial.distance import cdist"
   ]
  },
  {
   "cell_type": "markdown",
   "id": "4074bc37",
   "metadata": {},
   "source": [
    "Import data"
   ]
  },
  {
   "cell_type": "code",
   "execution_count": 2,
   "id": "dc82bd65",
   "metadata": {},
   "outputs": [],
   "source": [
    "dim = 3\n",
    "numpart = 30\n",
    "latent_dim = 4"
   ]
  },
  {
   "cell_type": "markdown",
   "id": "82379560",
   "metadata": {},
   "source": [
    "Import and reshape data"
   ]
  },
  {
   "cell_type": "code",
   "execution_count": 3,
   "id": "771efaab",
   "metadata": {},
   "outputs": [],
   "source": [
    "fname=\"/Users/lorenzobarbiero/Downloads/test_30_5_0.05_0.3_0.1_10000_1000_1000_x.txt\"\n",
    "with open(fname) as f:\n",
    "    data = [\n",
    "        [float(i.strip()) for i in s.split(\" \") if i != \"\"]\n",
    "        for s in f.read().split(\"\\n\")\n",
    "        if s != \"\"]"
   ]
  },
  {
   "cell_type": "code",
   "execution_count": 4,
   "id": "6b45d8d0",
   "metadata": {},
   "outputs": [
    {
     "name": "stdout",
     "output_type": "stream",
     "text": [
      "(10000, 30, 3) [[3.336635 3.919305 2.734692]\n",
      " [2.592749 4.251143 1.946005]\n",
      " [2.569278 3.558946 1.099535]\n",
      " [1.667399 3.546641 1.910742]\n",
      " [3.946726 3.046994 3.533433]\n",
      " [3.616621 4.690143 2.065708]\n",
      " [2.188258 2.073205 3.390317]\n",
      " [2.870971 1.58392  1.38977 ]\n",
      " [0.881777 3.249116 2.602235]\n",
      " [3.601859 3.606766 1.670101]\n",
      " [3.70629  2.790531 2.431922]\n",
      " [1.024758 2.594398 1.747097]\n",
      " [3.518145 2.076213 3.334007]\n",
      " [1.493373 1.851869 2.595559]\n",
      " [2.699221 3.27198  2.19975 ]\n",
      " [3.862038 1.674536 2.120486]\n",
      " [2.676059 2.141204 2.371591]\n",
      " [4.356798 3.745405 2.542581]\n",
      " [4.051411 2.062422 1.172846]\n",
      " [1.13258  2.598437 3.509392]\n",
      " [2.092019 2.509008 1.536048]\n",
      " [1.824886 2.864364 2.783008]\n",
      " [4.619022 2.99871  1.713088]\n",
      " [2.896652 2.9207   3.160665]\n",
      " [2.252266 3.891109 2.91944 ]\n",
      " [1.303496 3.737969 3.581262]\n",
      " [3.164782 2.567627 1.428368]\n",
      " [2.143883 3.1519   3.877689]\n",
      " [3.152608 2.577253 4.17173 ]\n",
      " [3.995555 3.055175 0.792308]]\n"
     ]
    }
   ],
   "source": [
    "vcs = np.array(data).reshape((-1,numpart,dim))\n",
    "#vcs = np.array(data)\n",
    "print(vcs.shape,vcs[1])"
   ]
  },
  {
   "cell_type": "markdown",
   "id": "dd1958f4",
   "metadata": {},
   "source": [
    "### Distance Matrix"
   ]
  },
  {
   "cell_type": "code",
   "execution_count": 5,
   "id": "7f47e8a5",
   "metadata": {},
   "outputs": [],
   "source": [
    "def calculate_distance_matrices(coordinates):\n",
    "    num_configs = coordinates.shape[0]\n",
    "    distance_matrices = []\n",
    "\n",
    "    for i in range(num_configs):\n",
    "        config = coordinates[i]\n",
    "        distance_matrix = cdist(config, config, metric='euclidean')\n",
    "        distance_matrices.append(distance_matrix)\n",
    "    \n",
    "    return distance_matrices"
   ]
  },
  {
   "cell_type": "code",
   "execution_count": 8,
   "id": "52207ca7",
   "metadata": {},
   "outputs": [
    {
     "name": "stdout",
     "output_type": "stream",
     "text": [
      "(10000, 30, 30)\n"
     ]
    }
   ],
   "source": [
    "dist_matrices = np.array(calculate_distance_matrices(vcs))"
   ]
  },
  {
   "cell_type": "code",
   "execution_count": 9,
   "id": "4930d04a",
   "metadata": {},
   "outputs": [
    {
     "name": "stdout",
     "output_type": "stream",
     "text": [
      "(10000, 30, 30) \n",
      " [[0.         1.13380334 1.84185607 1.89845223 1.33083609 1.05835862\n",
      "  2.27083665 2.73490059 2.54814167 1.14077973 1.22574273 2.84174202\n",
      "  1.94656427 2.77331289 1.05427188 2.38585104 1.93128096 1.05255897\n",
      "  2.52948258 2.68378665 2.23041567 1.844077   1.88034207 1.17143074\n",
      "  1.10035584 2.20980038 1.88760411 1.82154053 1.97485385 2.22570255]\n",
      " [1.13380334 0.         1.09370884 1.16354595 2.40897409 1.12043013\n",
      "  2.64444022 2.73877407 2.08856915 1.22867723 1.89986218 2.28975199\n",
      "  2.74102678 2.71791533 1.01709537 2.87757568 2.15404424 1.92964834\n",
      "  2.74152682 2.70327756 1.85844818 1.79258015 2.39345378 1.82697414\n",
      "  1.09230438 2.14466461 1.85186283 2.26742562 2.84063402 2.17467719]\n",
      " [1.84185607 1.09370884 0.         1.21309272 2.84311753 1.81934721\n",
      "  2.75686139 2.01890632 2.28073706 1.18070142 1.91272398 1.93267468\n",
      "  2.84459327 2.51192581 1.14442462 2.50291239 1.90775287 2.30485932\n",
      "  2.1075286  2.965483   1.23316242 1.96739547 2.21173283 2.1823814\n",
      "  1.87693449 2.79163433 1.2022768  2.83985686 3.27755658 1.54351538]\n",
      " [1.89845223 1.16354595 1.21309272 0.         2.84220069 2.26518822\n",
      "  2.15208037 2.36056584 1.08806508 1.95029705 2.23615908 1.16040246\n",
      "  2.75918512 1.83616761 1.106174   2.89226728 1.79025975 2.76976436\n",
      "  2.90360289 1.93411582 1.18210828 1.11854908 3.00855012 1.8614974\n",
      "  1.21581218 1.72036882 1.85291903 2.06197429 2.87360846 2.62920973]\n",
      " [1.33083609 2.40897409 2.84311753 2.84220069 0.         2.22780713\n",
      "  2.01518161 2.80947066 3.20965658 1.97592613 1.15624791 3.45452405\n",
      "  1.07975375 2.88563205 1.83999939 1.97160651 1.94548888 1.27973617\n",
      "  2.55982655 2.84977176 2.77829333 2.25802931 1.94112575 1.12141052\n",
      "  1.99015382 2.73247121 2.29619855 1.83841245 1.12191937 2.74157208]\n",
      " [1.05835862 1.12043013 1.81934721 2.26518822 2.22780713 0.\n",
      "  3.26238783 3.26519638 3.13748175 1.15344204 1.93666698 3.34834495\n",
      "  2.90704488 3.58395361 1.69433654 3.02607265 2.73410155 1.29143321\n",
      "  2.80912131 3.55385948 2.71335601 2.65674661 1.99752202 2.20186619\n",
      "  1.79688014 2.924737   2.26173273 2.79614447 3.01909604 2.10671756]\n",
      " [2.27083665 2.64444022 2.75686139 2.15208037 2.01518161 3.26238783\n",
      "  0.         2.16972006 1.92632617 2.70355696 1.93326116 2.07979479\n",
      "  1.331082   1.07865429 1.76510466 2.13844505 1.13153716 2.86661384\n",
      "  2.89631369 1.18511753 1.90722304 1.06150647 3.09487807 1.12818876\n",
      "  1.87898833 1.89491503 2.24661882 1.18451826 1.33964233 3.31364426]\n",
      " [2.73490059 2.73877407 2.01890632 2.36056584 2.80947066 3.26519638\n",
      "  2.16972006 0.         2.8635366  2.16902943 1.7999302  2.13477184\n",
      "  2.10742594 1.85027026 1.88018941 1.23465417 1.14565641 2.86507809\n",
      "  1.29207538 2.92301992 1.21817539 2.1621616  2.27196998 2.2189433\n",
      "  2.83651322 3.4495713  1.02737246 3.02934963 2.96737785 1.94582663]\n",
      " [2.54814167 2.08856915 2.28073706 1.08806508 3.20965658 3.13748175\n",
      "  1.92632617 2.8635366  0.         2.89752194 2.86656247 1.08644384\n",
      "  2.97684866 1.52525192 1.86161748 3.4048994  2.12134711 3.51078799\n",
      "  3.67395907 1.14421114 1.77459862 1.03448904 3.84971242 2.1164646\n",
      "  1.54629044 1.17273954 2.6560314  1.79698231 2.84101881 3.60680777]\n",
      " [1.14077973 1.22867723 1.18070142 1.95029705 1.97592613 1.15344204\n",
      "  2.70355696 2.16902943 2.89752194 0.         1.1213905  2.76988572\n",
      "  2.26234031 2.89514235 1.09880166 2.00101288 1.87004434 1.16205637\n",
      "  1.68355514 3.23991629 1.87153938 2.22426522 1.18583327 1.78599678\n",
      "  1.86094066 2.99202658 1.15294449 2.68440717 2.74223834 1.10894983]\n",
      " [1.22574273 1.89986218 1.91272398 2.23615908 1.15624791 1.93666698\n",
      "  1.93326116 1.7999302  2.86656247 1.1213905  0.         2.77453912\n",
      "  1.16593572 2.40932876 1.14012497 1.16905717 1.21927901 1.16068533\n",
      "  1.4948323  2.79675256 1.86754285 1.91530512 1.18031374 1.09705242\n",
      "  1.8876259  2.82701967 1.16191124 2.15915386 1.83820106 1.68583652]\n",
      " [2.84174202 2.28975199 1.93267468 1.16040246 3.45452405 3.34834495\n",
      "  2.07979479 2.13477184 1.08644384 2.76988572 2.77453912 0.\n",
      "  3.00062956 1.2209984  1.86221332 3.00594798 1.82268279 3.61387638\n",
      "  3.12624232 1.76559496 1.09127411 1.33648721 3.61709255 2.36825561\n",
      "  2.13602983 2.17936017 2.16379472 2.47035858 3.22597036 3.15429426]\n",
      " [1.94656427 2.74102678 2.84459327 2.75918512 1.07975375 2.90704488\n",
      "  1.331082   2.10742594 2.97684866 2.26234031 1.16593572 3.00062956\n",
      "  0.         2.16687271 1.84038968 1.32372203 1.28045977 2.02876709\n",
      "  2.22602329 2.44834601 2.33533797 1.94728219 2.16571219 1.06276022\n",
      "  2.25125808 2.77979104 1.99945321 1.82791922 1.04232346 2.7652343 ]\n",
      " [2.77331289 2.71791533 2.51192581 1.83616761 2.88563205 3.58395361\n",
      "  1.07865429 1.85027026 1.52525192 2.89514235 2.40932876 1.2209984\n",
      "  2.16687271 0.         1.90458642 2.42233673 1.23799135 3.43329113\n",
      "  2.93462148 1.23394737 1.3830301  1.08175049 3.44436947 1.85227872\n",
      "  2.19984483 2.13659469 2.16061389 1.93832433 2.40074108 3.3106758 ]\n",
      " [1.05427188 1.01709537 1.14442462 1.106174   1.83999939 1.69433654\n",
      "  1.76510466 1.88018941 1.86161748 1.09880166 1.14012497 1.86221332\n",
      "  1.84038968 1.90458642 0.         1.97743609 1.14399308 1.75761937\n",
      "  2.08470146 2.15015961 1.17954266 1.12729871 1.99928794 1.04198574\n",
      "  1.04930605 2.0183581  1.14363035 1.77152442 2.13937152 1.92571525]\n",
      " [2.38585104 2.87757568 2.50291239 2.89226728 1.97160651 3.02607265\n",
      "  2.13844505 1.23465417 3.4048994  2.00101288 1.16905717 3.00594798\n",
      "  1.32372203 2.42233673 1.97743609 0.         1.29899151 2.17058749\n",
      "  1.04131612 3.19884259 2.04227289 2.45043146 1.57874466 1.88861515\n",
      "  2.85357482 3.59690971 1.32770659 2.86747683 2.35070008 1.92042902]\n",
      " [1.93128096 2.15404424 1.90775287 1.79025975 1.94548888 2.73410155\n",
      "  1.13153716 1.14565641 2.12134711 1.87004434 1.21927901 1.82268279\n",
      "  1.28045977 1.23799135 1.14399308 1.29899151 0.         2.32971715\n",
      "  1.82614055 1.97128906 1.08375025 1.1902604  2.22352152 1.13089039\n",
      "  1.88199536 2.42835162 1.14470799 1.89025101 1.9125214  2.25178762]\n",
      " [1.05255897 1.92964834 2.30485932 2.76976436 1.27973617 1.29143321\n",
      "  2.86661384 2.86507809 3.51078799 1.16205637 1.16068533 3.61387638\n",
      "  2.02876709 3.43329113 1.75761937 2.17058749 2.32971715 0.\n",
      "  2.19131626 3.5560991  2.76965885 2.69158258 1.14646129 1.7872304\n",
      "  2.14296694 3.22514598 2.01234534 2.65174553 2.33854209 1.91582085]\n",
      " [2.52948258 2.74152682 2.1075286  2.90360289 2.55982655 2.80912131\n",
      "  2.89631369 1.29207538 3.67395907 1.68355514 1.4948323  3.12624232\n",
      "  2.22602329 2.93462148 2.08470146 1.04131612 1.82614055 2.19131626\n",
      "  0.         3.77708005 2.04219778 2.86236724 1.22093361 2.45388138\n",
      "  3.10348344 4.01982117 1.051967   3.48450872 3.17272801 1.06465374]\n",
      " [2.68378665 2.70327756 2.965483   1.93411582 2.84977176 3.55385948\n",
      "  1.18511753 2.92301992 1.14421114 3.23991629 2.79675256 1.76559496\n",
      "  2.44834601 1.23394737 2.15015961 3.19884259 1.97128906 3.5560991\n",
      "  3.77708005 0.         2.19604355 1.03809368 3.94236025 1.82685905\n",
      "  1.80907186 1.15451754 2.90885804 1.21024697 2.12594767 3.97338406]\n",
      " [2.23041567 1.85844818 1.23316242 1.18210828 2.77829333 2.71335601\n",
      "  1.90722304 1.21817539 1.77459862 1.87153938 1.86754285 1.09127411\n",
      "  2.33533797 1.3830301  1.17954266 2.04227289 1.08375025 2.76965885\n",
      "  2.04219778 2.19604355 0.         1.32383804 2.580096   1.85911403\n",
      "  1.96205395 2.51296915 1.07974609 2.42884388 2.84188776 2.11539521]\n",
      " [1.844077   1.79258015 1.96739547 1.11854908 2.25802931 2.65674661\n",
      "  1.06150647 2.1621616  1.03448904 2.22426522 1.91530512 1.33648721\n",
      "  1.94728219 1.08175049 1.12729871 2.45043146 1.1902604  2.69158258\n",
      "  2.86236724 1.03809368 1.32383804 0.         2.99499143 1.13775257\n",
      "  1.12047876 1.29315222 1.92832146 1.17590924 1.9426341  2.95145714]\n",
      " [1.88034207 2.39345378 2.21173283 3.00855012 1.94112575 1.99752202\n",
      "  3.09487807 2.27196998 3.84971242 1.18583327 1.18031374 3.61709255\n",
      "  2.16571219 3.44436947 1.99928794 1.57874466 2.22352152 1.14646129\n",
      "  1.22093361 3.94236025 2.580096   2.99499143 0.         2.25124924\n",
      "  2.80235527 3.8767629  1.54327963 3.29169831 2.89359923 1.11343397]\n",
      " [1.17143074 1.82697414 2.1823814  1.8614974  1.12141052 2.20186619\n",
      "  1.12818876 2.2189433  2.1164646  1.78599678 1.09705242 2.36825561\n",
      "  1.06276022 1.85227872 1.04198574 1.88861515 1.13089039 1.7872304\n",
      "  2.45388138 1.82685905 1.85911403 1.13775257 2.25124924 0.\n",
      "  1.18958667 1.83928695 1.78812951 1.06500611 1.09805362 2.6143424 ]\n",
      " [1.10035584 1.09230438 1.87693449 1.21581218 1.99015382 1.79688014\n",
      "  1.87898833 2.83651322 1.54629044 1.86094066 1.8876259  2.13602983\n",
      "  2.25125808 2.19984483 1.04930605 2.85357482 1.88199536 2.14296694\n",
      "  3.10348344 1.80907186 1.96205395 1.12047876 2.80235527 1.18958667\n",
      "  0.         1.16688677 2.19262075 1.21507941 2.02609564 2.87446216]\n",
      " [2.20980038 2.14466461 2.79163433 1.72036882 2.73247121 2.924737\n",
      "  1.89491503 3.4495713  1.17273954 2.99202658 2.82701967 2.17936017\n",
      "  2.77979104 2.13659469 2.0183581  3.59690971 2.42835162 3.22514598\n",
      "  4.01982117 1.15451754 2.51296915 1.29315222 3.8767629  1.83928695\n",
      "  1.16688677 0.         3.07718029 1.06658152 2.26166516 3.93594382]\n",
      " [1.88760411 1.85186283 1.2022768  1.85291903 2.29619855 2.26173273\n",
      "  2.24661882 1.02737246 2.6560314  1.15294449 1.16191124 2.16379472\n",
      "  1.99945321 2.16061389 1.14363035 1.32770659 1.14470799 2.01234534\n",
      "  1.051967   2.90885804 1.07974609 1.92832146 1.54327963 1.78812951\n",
      "  2.19262075 3.07718029 0.         2.71712772 2.7434059  1.15432195]\n",
      " [1.82154053 2.26742562 2.83985686 2.06197429 1.83841245 2.79614447\n",
      "  1.18451826 3.02934963 1.79698231 2.68440717 2.15915386 2.47035858\n",
      "  1.82791922 1.93832433 1.77152442 2.86747683 1.89025101 2.65174553\n",
      "  3.48450872 1.21024697 2.42884388 1.17590924 3.29169831 1.06500611\n",
      "  1.21507941 1.06658152 2.71712772 0.         1.19758315 3.59966955]\n",
      " [1.97485385 2.84063402 3.27755658 2.87360846 1.12191937 3.01909604\n",
      "  1.33964233 2.96737785 2.84101881 2.74223834 1.83820106 3.22597036\n",
      "  1.04232346 2.40074108 2.13937152 2.35070008 1.9125214  2.33854209\n",
      "  3.17272801 2.12594767 2.84188776 1.9426341  2.89359923 1.09805362\n",
      "  2.02609564 2.26166516 2.7434059  1.19758315 0.         3.51560267]\n",
      " [2.22570255 2.17467719 1.54351538 2.62920973 2.74157208 2.10671756\n",
      "  3.31364426 1.94582663 3.60680777 1.10894983 1.68583652 3.15429426\n",
      "  2.7652343  3.3106758  1.92571525 1.92042902 2.25178762 1.91582085\n",
      "  1.06465374 3.97338406 2.11539521 2.95145714 1.11343397 2.6143424\n",
      "  2.87446216 3.93594382 1.15432195 3.59966955 3.51560267 0.        ]]\n"
     ]
    }
   ],
   "source": [
    "print(dist_matrices.shape, \"\\n\", dist_matrices[1])"
   ]
  },
  {
   "cell_type": "markdown",
   "id": "204403e9",
   "metadata": {},
   "source": [
    "## Encoder\n",
    "Encoder is comprised of two parallel branches, one sequential and one convolutional"
   ]
  }
 ],
 "metadata": {
  "kernelspec": {
   "display_name": "Python 3 (ipykernel)",
   "language": "python",
   "name": "python3"
  },
  "language_info": {
   "codemirror_mode": {
    "name": "ipython",
    "version": 3
   },
   "file_extension": ".py",
   "mimetype": "text/x-python",
   "name": "python",
   "nbconvert_exporter": "python",
   "pygments_lexer": "ipython3",
   "version": "3.10.9"
  }
 },
 "nbformat": 4,
 "nbformat_minor": 5
}
